0.23245390490644446 6.858828796010315 -1
6.902710654686168 4.689009289879388 1
7.052959055122233 2.811734376477596 1
9.10006154353747 9.922243258918082 -1
3.91674569367603 4.092037554040264 1
3.13591442989717 0.7800770866616447 -1
2.2520658756813647 8.17453957539181 -1
7.713224898944206 5.453176240577397 1
7.37284994442661 4.188588467669355 1
1.1574427327232861 3.754066509373295 -1
2.5213199117367346 1.6031916405736157 -1
4.149129606118094 3.8804854259472608 1
7.38691538098055 7.8094499551936565 1
7.085416806475751 2.8765143763631396 1
7.097558382924576 1.6272873882150585 1
0.8164280498647813 2.6286421465993817 -1
4.862639498448872 4.838087350265534 1
5.1752995744254795 6.619440007253789 1
6.564334538715926 6.986618595506435 1
0.07335754654600235 7.2994679929409125 -1
8.747391298778725 2.331498086238776 -1
6.879832945997046 8.448651512852992 1
5.788781277290019 8.281443148266854 1
1.6206558677157368 4.5018237687645515 1
5.315757879680739 0.9257921263157975 -1
3.1436998960346143 1.255968297793133 -1
9.502786277623752 6.87259075278549 -1
8.730856741209722 3.1487714412985324 -1
2.993755661469968 4.611267840797709 1
8.732199410391898 7.482422797680836 -1
7.571203138389793 4.081722577762687 1
0.6739884377322891 6.1078787634202 -1
6.969903450326699 3.4697669694679822 1
1.833748669760561 2.685390767207765 1
9.897281598925474 7.81954986398727 -1
0.019090360019762276 5.458980064300128 -1
9.719062420360977 1.1061474970135199 -1
8.917423561566185 4.651393637842542 1
8.044879703673175 5.292637305246978 1
1.5380375886818776 8.300023166045726 -1
8.789128885633211 4.501942267742893 1
7.281053503160649 4.236354753229263 1
1.5934619167214947 2.4940541641217684 -1
5.860439648849618 0.6602491322046977 -1
4.417617866844602 8.515348167883323 1
9.834560193106912 9.095895368516432 -1
4.863196506770949 0.08240948643015833 -1
6.939563360702633 6.605812173655262 1
3.797644491178408 7.969711209381084 1
6.422773673484663 3.781349530931235 1
5.411428767583914 4.41789139831542 1
9.408088575707946 0.0997291213549567 -1
0.10745556846924131 7.855414781198771 -1
8.682255851327136 5.491575398938905 1
3.245078273803813 1.8499370536166226 1
3.265446721597879 1.2073907322784894 -1
5.482587600732422 7.762597521182424 1
4.9698094005766125 6.481120161305057 1
6.474967222506882 9.312350083636742 -1
9.945223166107242 3.2789199978334005 -1
0.6670883280375806 3.754859148295485 -1
3.566805719361631 3.5377832461576233 1
8.431304204082494 6.635708467709796 1
9.002303940254915 5.012994455122697 -1
8.385569092583763 8.992599171417053 -1
6.044991635758671 8.377201782955346 1
3.402688581968677 8.175189628258078 1
2.19637496607044 6.608991725552541 1
8.46407740067307 9.312327472363076 -1
6.637332159200865 2.8269474841187603 1
6.58770483200949 6.452889008131873 1
7.306203347896268 6.553389059083593 1
6.883310974729775 4.495971885905207 1
2.2628909071307923 8.945570704126073 -1
7.262169510929893 8.937338821019084 -1
8.881837529260592 9.494763586223865 -1
3.343932538714779 1.3912629704695045 1
4.013669167560241 4.00233893052106 1
6.244394958709516 9.11846487902965 -1
8.415324510688865 7.405235755648536 -1
4.814427852290837 1.571440109107377 1
3.228429010706807 4.692518573977206 1
6.480712715240791 2.6362361537880097 1
6.156361950844533 1.8032651336211492 1
2.865037886484225 3.834547661526911 1
3.665458989009871 3.5359150463408238 1
1.4000440038590767 7.5524792802213145 -1
4.648777670117904 0.3113481792638706 -1
6.318921522284823 4.154569650166296 1
8.65877656360013 9.459857021917976 -1
5.929086482700736 9.810918635901704 -1
6.965697828891666 7.283817840703406 1
3.8037871890004507 1.3765780043818865 1
3.2134881427733895 3.3987350503865787 1
6.4223929838181135 5.290060038900949 1
5.469156295249799 2.3368841861239065 1
6.882375204612803 4.5427365829685815 1
7.07059142172059 1.4461887207046298 -1
0.09057683853154641 1.012723491783043 -1
0.1714385060537149 1.3028023160165825 -1
0.12237993367030131 7.631511809635421 -1
7.079565513581571 6.272782480587321 1
5.2822607537040875 2.9336713920349364 1
3.123490177152921 6.288705769454124 1
9.233341329231799 2.730827817681616 -1
7.7003877552954805 9.763234243156111 -1
9.883082854323561 9.710116801693866 -1
9.65792685525384 4.355041936012648 -1
5.774343380430452 8.536217186683487 1
4.593300234230057 5.808183762420511 1
5.029973730000519 8.173195994465322 1
8.766779291506742 6.172212933409459 1
6.786859098389119 3.918455930817296 1
2.3067101988840077 8.535303977288942 -1
8.636299034825655 0.7831363986219619 -1
4.693493734627526 8.443009186881431 1
9.603072591792522 2.9623714971378776 -1
8.783372003817746 2.0564062081521692 -1
5.004764355477328 9.38881927469147 -1
3.9542832401588712 3.099356532700309 1
3.1307416639850216 3.886107629544182 1
5.199546500396809 7.14555128718421 1
2.92291272442038 7.036235585460869 1
2.7394955868747175 2.927203730125604 1
6.495259505303128 8.768499694831554 -1
0.7859052746513984 7.794212291452954 -1
5.314905473525592 8.93178298582622 1
6.769613495946469 8.23155935437831 1
2.7598487373947886 4.170488507920817 1
9.740636177501365 4.232935359875728 -1
8.482199963493914 1.1072026341742502 -1
0.6949243247406167 4.730108616036686 -1
9.162403466751709 6.276143285964527 -1
9.38657244258804 0.047817623122154984 -1
2.9786852535356365 8.599543367812249 -1
5.154809370768204 5.715686855479802 1
4.271578082128386 1.122224490325352 1
8.128728936112745 8.275364820982013 -1
9.884566746555167 1.3115711286146858 -1
6.550586868068176 4.593388419716758 1
3.0151487257443463 8.63346697214335 -1
3.6326269339878667 4.842300184557673 1
8.453525413345403 6.6347181387201095 1
8.380959609859476 0.7232893169641419 -1
7.878023508172243 4.259780567513713 1
8.007811106929159 2.0060285302441985 -1
2.963853463155277 0.5642636697561632 -1
4.611726886098929 6.535078172702018 1
3.6334813316367844 0.2837403830006269 -1
1.8991681505002511 5.321742482421809 1
2.2094533103816847 0.3967844926821362 -1
4.040291630977998 4.9965893843360085 1
0.40994212447506895 5.147240836026592 -1
8.149204943398237 0.30574955775635404 -1
9.824704334083403 5.989238107306351 -1
3.1554440059666122 1.7981482870331167 1
9.914460787665757 6.104587691513375 -1
1.5278459815353507 6.9864151005657895 -1
9.732331026446158 6.987327533480946 -1
7.8528692250414265 6.286787649536317 1
4.51679423410398 6.462510896527759 1
2.8815588482236842 9.251535912571196 -1
6.00638769621412 6.093420196770283 1
3.7655604988565896 0.4681301863338516 -1
4.049452861583587 5.517140831631714 1
1.8424858205097994 8.507151081148077 -1
5.287397996607385 8.370777768897637 1
0.6844711967952577 1.1460282903196661 -1
2.3063903279076703 9.915804901627748 -1
5.316350105482402 8.570536177717138 1
4.165990192233535 4.636701346357807 1
0.09974342282081383 4.8258851068208415 -1
5.238736587627942 2.166493878870712 1
8.08969712495929 5.698469451061757 1
4.225888939161127 4.528235236400423 1
1.9683422651711768 9.282170300153492 -1
6.572201991800459 0.3094144373647545 -1
0.5827317160653767 7.476570092268417 -1
1.8256422589855392 9.014256101401926 -1
8.275499696228412 7.789258797363993 -1
8.904480634098228 9.287149926052049 -1
7.662915097149785 8.501262538101678 -1
1.074168997213183 3.4246516996755263 -1
0.8184104340407017 5.995415889053625 -1
8.033388513425031 3.597481475005381 1
9.986192126263688 1.1050427969210386 -1
2.208584000120407 4.576945180855711 1
7.48843032345707 7.340484777099436 1
8.058632632191463 8.127890122144228 -1
9.189194774469904 0.7297468897971282 -1
2.1789434620622594 7.31620086953358 1
6.446538011969272 0.48537515652937513 -1
0.923203756712988 8.27078800020771 -1
0.4700326932446319 3.7468253587186453 -1
0.6049238788667965 3.8046713122812337 -1
1.6612634218157751 1.7517705895970637 -1
6.770010034510165 4.755225277649096 1
6.376582027170233 0.20717172591176114 -1
2.1259410597182784 9.031321254420915 -1
6.750522233559089 8.998221239085165 -1
9.54039241458601 6.003663103801619 -1
7.4137275409958034 1.391357639729004 -1
0.7846000682041798 8.981778806352398 -1
4.474774745004266 2.153775822843378 1
1.102705230412948 9.84772828203171 -1
2.5996500625814454 5.547203802940105 1
7.380785607027112 9.577343901047561 -1
3.307400471030629 7.153624649522884 1
3.1055218027003417 9.035685233610444 -1
0.18771851276853435 1.7217444831245865 -1
0.7463149273528602 0.7183149155391444 -1
3.773090361295738 8.921151452713124 -1
7.980930870671658 7.299155994197841 1
1.2913974655528404 2.59199491904319 -1
7.4728481163572615 2.021158602496408 1
9.326675010957604 2.344357471289783 -1
5.514739717491378 2.7783480533503155 1
2.275490147171224 7.1612998288105665 1
2.702673642128791 3.634626968410961 1
9.51270547320732 0.483462396918245 -1
8.095223520077662 5.67363797648121 1
2.761073398653735 3.520129802392813 1
8.900909816900176 4.2830983447865565 1
3.193086418731439 0.15442273885863278 -1
6.4585802169886115 3.4553001516432635 1
7.007235556808875 0.9277006569498858 -1
5.140229803146401 0.6820567242464659 -1
8.572355221461562 8.987286557020305 -1
1.201079910487045 2.5884460007447063 -1
5.502563861454529 7.556777818040038 1
2.179324896274921 2.9055766723764966 1
5.8186530490799715 2.7864139240157613 1
7.047822603483102 4.574814710497922 1
3.070666560760885 5.419972017750572 1
0.4520049955096195 5.089003881332612 -1
6.845572441453228 3.4448300434224235 1
8.881441953207377 6.684969452325039 -1
5.337024223801606 9.633158132815481 -1
6.9262718833686865 0.2912925512390474 -1
9.760164957282932 8.659801648730154 -1
6.219612968013938 2.1749729513279217 1
9.886999195977857 2.096758190153847 -1
7.126945892653801 3.8206827530730902 1
8.07954519604587 5.270355338338383 1
8.978781928302292 2.1203964743478387 -1
8.092250843162873 5.936964386428725 1
8.884186216228057 3.0740538467769083 -1
9.910722060998525 4.371985712733996 -1
4.367407983028167 7.67392385063056 1
2.9852615478406994 9.758087850733123 -1
8.947878714727384 5.346036430457916 1
2.343062317559712 6.839941060605801 1
5.2641164965961575 9.793781900446954 -1
0.4946045063438276 0.03524810541143952 -1
0.0076605723861478126 2.747003921830604 -1
8.88804742219704 2.0963715280610193 -1
4.717963815040465 5.887488759762678 1
1.9565843993895238 1.6252741405129179 -1
3.72419201987785 6.3963181913659 1
5.425606718934768 5.231373481373809 1
4.636286057093473 3.619592810448874 1
7.2627206797416966 6.373161672457811 1
0.8327578856279405 9.669081944472303 -1
6.49372336275472 6.036113203117709 1
8.693949382609404 8.555336013878488 -1
9.613074169433455 5.708835091236905 -1
5.4934456777525735 1.7716803571863349 1
8.545985281272243 3.517409505546789 1
9.426299186432034 9.685019082247786 -1
5.51512147640064 4.150178642138584 1
6.099179469729684 9.575316415284652 -1
7.800711768455796 1.5572306430956961 -1
3.063333795273775 2.2978375633172443 1
1.1184485397923705 9.72080898022961 -1
2.7525762065360517 9.10596981458157 -1
0.7782016057628172 2.1670669159558917 -1
8.948109875270289 4.26246558862866 -1
3.3854446884658698 5.662589046299513 1
4.12394135612966 6.538030082438616 1
3.1208551231912973 2.1812657920615317 1
3.5953460301434914 1.6822781591897829 1
8.267703443732492 8.239849554432615 -1
3.112073299022975 0.49338817051977735 -1
4.31075427038188 7.748816641066626 1
6.943045572290912 1.2935471020683065 -1
9.347630178780099 3.1202907284702563 -1
5.580883228319591 3.295935242873563 1
7.40568715282492 1.9724878445257854 1
7.567088627847772 5.218327945765279 1
0.08414416034948302 8.320802260453577 -1
0.9584286359489724 0.19566867024686685 -1
2.5873454836416663 1.2672145072307528 -1
9.515575076683287 1.102662317650186 -1
3.1640821747579206 5.752215688548654 1
7.400566075355908 7.833482386797714 1
4.942716416949104 1.6643048983773467 1
6.71364769497881 5.648537577832061 1
6.972440028875547 4.632586703733084 1
5.62338783489653 7.21204851598279 1
5.892740026520165 9.848144338393999 -1
9.836182986520427 4.4489455726447495 -1
9.609194639176465 5.501922768593545 -1
1.2550132326617491 0.5911686423337781 -1
3.200921961198503 3.123040095060122 1
8.486471785468897 0.04697661688343402 -1
2.527616376982519 0.9300689543926621 -1
9.295038711091108 1.6390308399358544 -1
2.9382373257282812 0.25026694656943516 -1
1.4285731004112667 9.901831674838778 -1
2.549589064577531 9.579637032046753 -1
3.755497102865295 7.39274971660294 1
8.100192543186676 8.140130783192301 -1
9.522346381768225 8.323381136372731 -1
0.7588836732037352 6.224021193660246 -1
9.531964622819544 8.805361852281038 -1
2.2447098396592944 4.473166009151508 1
1.9475551377237599 3.3408125094267604 1
9.940694435515603 8.590669759296897 -1
9.502063661123055 7.883667139475802 -1
4.961692272253954 4.713475154703501 1
6.932419837930115 7.5198418546226895 1
8.654720400118203 6.59897178124377 1
2.0231748965118923 5.199266251678514 1
9.648422511554443 1.8739571634106489 -1
4.311412134769476 2.0281838363099958 1
5.8705187796042395 8.598246009273087 1
7.575701352129199 8.151556293480349 -1
4.200581180946101 0.15630290257129253 -1
8.263093826814718 6.375035206009013 1
0.7102572049061051 2.3281876160941737 -1
6.278876325762566 3.310090109973054 1
2.1019930562941225 2.1225476322516377 -1
5.739423435807338 5.378004270270388 1
6.356435450541412 1.566465597391763 1
8.323797222273285 2.882155755493616 1
8.671974510952484 7.447749827452616 -1
0.8918574524963374 9.215988528279944 -1
2.2794102007283734 1.2427682765577686 -1
1.6380915295099707 9.409352534587464 -1
1.5380724903236698 1.7455038808000556 -1
5.778697140344752 7.7842093089562905 1
8.08089314862309 1.9344814233172969 -1
7.581540475906147 9.120027011638449 -1
1.6016474598734165 9.229580465870335 -1
9.174927255271113 1.906284775965028 -1
7.285476996294365 3.096401954434401 1
1.0424577379518296 2.2730093693230136 -1
5.557691894382987 4.31670066017081 1
1.5493665776546461 7.91538014661671 -1
8.85664714982463 8.337725911384506 -1
5.431021672262684 2.1012037884037826 1
4.738340854011596 6.4947679460885865 1
3.4798341089435727 7.290483059433582 1
0.06145745023196425 4.074138390283499 -1
0.5341571315156279 2.9374296380094913 -1
7.143578318089036 4.783981746066078 1
5.438047377022414 5.629150144143824 1
8.023744373255848 3.6650790248842267 1
2.253670610676324 2.783822329990042 1
3.219597243630987 6.3366559356683085 1
5.201937719223957 1.9909375130893792 1
7.88856507983969 7.610401193930371 1
6.550261295670819 4.33095745035274 1
7.019801311066855 8.895727723601233 -1
7.164580117591273 7.221384268040595 1
7.997224419878251 0.680918303285577 -1
6.404097598791353 6.38973644852639 1
8.13653187426161 5.392452646869802 1
1.8361878960336553 9.17491470015911 -1
8.112577430316756 3.8431844470575416 1
8.060485616834855 6.309979223954745 1
5.346017378491527 6.989100743193922 1
7.0127924941504585 3.0671279868295365 1
0.9842890009989258 4.593935852705334 -1
3.3809570014564203 5.590082011014963 1
2.7737141550409783 8.628059873769487 -1
2.5920656319526603 2.271560017448424 1
7.147275004723143 3.9086081852722887 1
7.176355098602791 1.5532835128669542 -1
7.074019371025113 6.459442657953087 1
5.677951530836985 1.6530615825412065 1
2.533691563989884 4.744853588716278 1
2.8827593093921156 8.183868300543837 1
7.620614897166464 0.6503560407892328 -1
0.3068183605704389 7.196844287906929 -1
1.6727541591546302 0.6005666554527755 -1
6.452985343746663 5.7716742589210615 1
0.1059364337140889 3.438488667600801 -1
0.519011210679533 8.909888895944995 -1
3.4083036205052686 5.159843749030996 1
8.783252685802571 6.062019639828108 1
6.711918276025606 0.681245562824071 -1
8.135122933412488 1.5368249488148056 -1
3.714493183783941 7.893860206058886 1
6.580954693414353 3.8634214567375236 1
8.60806407953061 9.165485674538223 -1
9.257481561065358 3.7670521386217937 -1
2.857575412189448 2.9335414751571243 1
8.430543015295017 8.897123439490214 -1
7.949606035179632 1.0646427276965265 -1
4.737006686552014 6.804420120394312 1
2.200949161710862 5.58125785035831 1
3.877843690285252 4.583129224267896 1
0.8235694876540944 3.0560979016337155 -1
4.814788259751827 3.4963621768565267 1
2.8811948186426872 0.14332024113438702 -1
4.797752984392108 6.859168413889231 1
7.507815862847944 6.704536977727752 1
7.362524376660548 3.1269720357449513 1
5.9588857545534815 3.3500373558534537 1
1.263980714155406 1.4529075661159008 -1
3.2439195051549397 4.270821823458296 1
0.07785164571205483 8.967107717064629 -1
3.128534937925256 2.758740444574169 1
3.0796473946491796 8.01340044803572 1
4.525510531965731 4.554741316096804 1
0.5972527244516312 3.620538972438372 -1
1.3507676610450425 3.749416489760523 1
1.2343303995295274 7.64175888913626 -1
5.3120242160398 9.895706996265712 -1
0.41434182175769996 7.063155433949866 -1
8.547925728935168 7.548749222046462 -1
4.552681421475194 3.0329973164946655 1
6.100889134097139 0.8816960047295763 -1
4.644751803790783 8.187789739571546 1
8.026243096460083 8.2035189657025 -1
3.2662422051396014 4.578802809258162 1
3.967024305695457 4.257926422790826 1
1.7961425049260593 1.1139792646999347 -1
3.968035847393402 1.0953360892946085 -1
1.0414852479772874 0.23266267785602812 -1
6.438542631203355 3.9126443200851058 1
1.8719336974296985 6.738620883458092 1
2.854938899686994 6.3462293582716764 1
6.7552091494553945 7.887141362673294 1
4.240428492379804 0.04383567202206229 -1
9.749204124543585 7.9448347693171435 -1
0.5108502916179347 2.5746418246151084 -1
0.18943589314145193 2.1817650494242713 -1
3.73841212748017 0.44181894839883884 -1
8.449315235569582 3.486169187517991 1
8.802277176641088 1.6731046947706985 -1
0.3075541134033477 9.096278274390007 -1
4.685821926377499 7.824754757266864 1
8.612311005445209 0.008460484510947053 -1
1.4984545245403236 0.8405073816801523 -1
2.8059055992724757 3.2026082554221524 1
8.784450727313022 7.401660190182443 -1
6.4881078836776 9.121967025068761 -1
9.022411745785051 2.119401799648979 -1
1.6580170551115436 4.050710377018808 1
0.926670219151785 1.621574335004119 -1
9.105976649695368 3.998994223309423 -1
7.613508213660907 9.499262334910513 -1
5.698219459535938 0.03965307907064841 -1
7.013734436606986 2.51927215573886 1
0.687988568390242 2.615000887599491 -1
8.83912057702149 0.35217541178862777 -1
5.020835573120452 2.414614160368739 1
0.6754378188504662 6.157911165461676 -1
8.35062649970513 1.0817836165605677 -1
6.196386903680157 1.8983259021626198 1
8.463778261992887 4.0000615089145075 1
8.490370367532545 2.848038458835439 -1
1.214538444361356 3.9775895539143713 1
8.867789074419552 5.741137227646721 1
7.998683506627561 7.098324616347496 1
8.80400072872119 0.7831917633026009 -1
6.340295417256777 2.103574895768584 1
3.8565624055678907 8.623768384458 1
0.919321901513217 2.897359406937605 -1
3.566456151602994 5.871933421002207 1
4.816766731777575 5.660612325930677 1
4.95439828324572 2.2844425947282176 1
1.2016494123204502 5.736308207151195 1
7.228881386172703 9.99216071815005 -1
3.7648496933340736 8.094301665834713 1
7.261817722870594 6.523598733348318 1
7.5348177607026585 6.756280204282218 1
6.009169020001136 7.883676790223121 1
0.76376509877362 3.805333779355303 -1
8.35934442890194 9.55604640749866 -1
6.102521441071573 3.541795357706002 1
7.985099770260335 8.616767822101124 -1
3.44751849826362 5.540511906181198 1
0.04938641157465562 7.189520635875761 -1
6.378108718412367 2.664109926333241 1
3.5635298068992927 9.977521759510955 -1
1.8727368835503777 3.4349046829408305 1
5.5167086992145915 9.725575288577168 -1
8.046521219129538 1.3664728529769898 -1
3.4341116772743496 0.8943731477562933 -1
2.0500723989882728 8.727337066714153 -1
5.695897150161221 5.332519325840812 1
7.410015383340076 2.031242025329234 1
1.5765589938066726 4.980788052021136 1
0.4296438800925273 8.528377736956088 -1
0.5501423069172118 6.998545342555228 -1
4.082270003178394 2.481776995006195 1
3.482779883989359 7.649615859017954 1
