1.3192634875924458 9.768805447897877 -1
9.547547361928766 6.11552840233769 -1
5.940782647009787 6.744174307809104 1
2.55217569641226 8.447803582747241 -1
7.788616363878006 3.709970054446133 1
3.082292232749139 9.440250319917565 -1
8.05772578465034 2.250229600026621 -1
9.363887877387212 7.217835698540936 -1
0.1307982647274697 3.5253913516282043 -1
3.2572225789894302 1.0156613066797104 -1
8.19819157350956 3.0480642922677905 1
2.2418980634661967 7.372558328103931 1
5.460103391173092 7.174819053480414 1
8.81119943356966 4.211070364986452 1
4.361666844214865 6.132410607086718 1
2.4122584059196885 3.575719350561075 1
6.554842146247858 5.925793817791291 1
5.713176379868158 4.8050328270461495 1
9.803848813532426 0.3674206481079534 -1
4.173538434353576 8.35068276659532 1
3.934417839885731 6.950472929208431 1
5.568896049079433 4.032560787449578 1
4.749582638197828 8.515425685028704 1
4.3414696513481745 3.206925045332043 1
9.135441979075644 3.454710308254114 -1
2.6672578059138505 4.0813045509351245 1
2.4709043759135607 3.218696974604619 1
9.052284660349493 3.8291860489062524 -1
8.322003263904596 7.414869912945655 -1
2.449530737335297 0.09405214779702686 -1
3.40773908557205 8.651874011984674 1
8.330919143049366 2.591082083803421 -1
7.0052630206576225 6.960162311887016 1
8.121169026821997 3.378265235469603 1
0.1387983322841735 9.321110514612137 -1
6.0035935325292105 5.050054159641109 1
2.3880267571272085 9.423777217139929 -1
4.905907929293102 2.280845786732113 1
0.5371167934020193 0.7640452719060009 -1
9.862250498005796 8.16577519131464 -1
6.198328200906299 3.432151145404425 1
9.912268453316553 5.534509910583808 -1
4.318437879523911 1.7165775200626698 1
0.6430938416255838 3.496996845260303 -1
9.387402666462087 5.782444505427229 -1
9.430668265123622 2.9810038308586817 -1
9.25143199351759 8.557844959763948 -1
5.792423114746191 2.892033858271341 1
3.3964640977026472 1.079277473246164 -1
4.078649209769227 3.969647409251309 1
9.415354217147563 3.74729617457907 -1
9.61049238423286 4.57188504041102 -1
1.8171924272213846 4.481354330563418 1
1.1419262062885704 5.005497532515065 1
5.658911290973743 3.256052751881655 1
9.090264524862615 5.939403054812924 -1
3.454670028761183 9.740619034212529 -1
2.3807399722355305 4.8455865950421195 1
4.08580934367225 8.316696400918781 1
9.528079231411713 6.176053657692816 -1
6.265515237598146 2.8567858518415012 1
5.665500176331124 3.3427591194764505 1
5.6648276959281265 9.011956273707826 -1
7.485048860569153 5.6660068383743205 1
3.6779323892045834 3.83507559358206 1
6.9369975505933335 8.141096905059968 1
5.8040384721323255 4.04649789413749 1
1.141544027380671 2.3549143105928225 -1
2.572633190560294 0.33001729822445314 -1
0.5599599595326621 3.1808907861474713 -1
0.8067234875088503 0.8682101791048336 -1
7.790552225628858 4.576267940211615 1
0.7353894506475289 4.605020111609726 -1
2.8483318607602968 3.5576714903682713 1
5.253210207807467 8.25136841627388 1
8.160966300975659 3.2759836982775137 1
5.726986069095343 0.8757950787240443 -1
1.9850076187417443 4.48138217930793 1
4.308332296994978 1.5622337014188636 1
5.499969088384735 2.9114397956314155 1
0.954685880153916 0.38203631784962 -1
8.777680348434233 6.383318181747843 -1
2.1750805963482476 6.950906069604921 1
0.8565887357907009 5.534203783267236 -1
2.8062906960781717 3.525736987121495 1
6.634639212392626 8.786863959554053 -1
8.728316751438888 5.1266819347576185 1
4.143429222652998 8.360573625750229 1
9.216352160706348 7.599599010407349 -1
6.914336233798476 8.747283990938783 -1
4.9655343924638675 1.2661402290802726 1
7.721323916596794 0.4456645994760533 -1
7.318578351693967 3.8834950981499263 1
7.517628159580162 5.675899476882252 1
2.5107757989387194 2.267410978317941 1
4.919198845355622 4.129009177454508 1
1.2967989690558468 2.587565287952681 -1
7.997962194300422 8.237383156674946 -1
5.441778046725468 1.6621355239322078 1
3.4536393765384013 8.849621306850283 -1
4.235374383474815 6.9207585847166335 1
9.02892736580198 9.481652638104913 -1
5.680942614278265 7.080486226008781 1
3.3926743569049487 7.728166575562401 1
7.947222262938409 2.9440784586030144 1
5.135993302562999 5.605487884124458 1
3.906686983121067 2.8508579964176795 1
6.817172506012424 8.062789215997837 1
6.926606792579049 0.26874257427539794 -1
3.9960567719052467 9.78278505744567 -1
2.8921887347582533 5.484341217713772 1
3.8685212149786508 6.619962374418622 1
6.331424382371367 9.330478446314345 -1
7.666437562815006 5.353613323816125 1
9.983114865690236 4.15992885938503 -1
4.2340315598811005 3.4992379609290234 1
1.352901830547435 0.16696555591580897 -1
4.569086285937859 6.305476940525794 1
5.354907287027496 3.0235041754048586 1
5.548937041806459 8.46515115417257 1
2.186549130648463 6.2282854099524085 1
2.8639983242962597 2.1242330646321794 1
9.750195981094262 3.3413064923948133 -1
8.708394558072058 5.211411405938548 1
5.625794097440925 8.059875978062625 1
2.011101420572672 7.893240726833111 -1
4.569311972114663 4.279543121399479 1
1.7406730371892865 1.2956685545018687 -1
8.264718657803638 0.8123783063699019 -1
0.9004132507514184 2.940292033430254 -1
8.869818212223743 7.6278411512677735 -1
5.644348163869064 4.284765351266687 1
8.1034665923477 3.8213064305049818 1
8.259330595524117 2.3955868542203254 -1
0.8825159993157428 0.166091457972678 -1
5.541527160186881 8.165844853458385 1
6.592912199815801 2.953058085095057 1
0.20757966525703497 1.9137419041185222 -1
2.2430593615824765 0.09985936342443047 -1
5.111743985721343 6.8529011987234565 1
0.8772517493048804 2.724003097115131 -1
1.4856679418055052 8.713823915927067 -1
6.811587531444703 0.1463781370340811 -1
0.9324535041144222 3.4693025168297575 -1
9.844286261118771 3.168248291897423 -1
3.769519607823862 0.7029025134121281 -1
8.122603229853011 1.6401129973299144 -1
6.088297751793589 9.656979274874535 -1
3.210926972534811 8.09839257111123 1
4.200989601013383 4.401017705567789 1
0.5063870625482325 9.1590491255102 -1
3.549831684255275 6.593972196926683 1
3.8084725095573413 4.828210792544951 1
0.8007252938494458 2.486695467569089 -1
1.5855403836223825 5.849598344870779 1
6.248140697214061 8.796017492648048 1
4.914609068767055 5.050191156754005 1
8.223119034988715 7.755908800759768 -1
3.6871674414386604 4.059683718481326 1
8.523709954226407 4.601383660405467 1
4.388942390730594 4.3377027492268745 1
9.395385568068624 0.5278793247485614 -1
3.811912237842201 7.061536035274598 1
7.3953045699805475 6.821114276264968 1
1.5540797449510757 7.709771897514867 -1
4.925654136515915 9.993664644575675 -1
5.790298146965156 0.809963501227946 -1
8.702801400810545 0.017231096357235298 -1
4.189954808464695 9.884148957036743 -1
7.543693756833269 6.481738641292662 1
2.9586841634036345 7.042675948709439 1
0.16275899268199057 0.4136642613119934 -1
4.980378486622516 1.5027482735809128 1
2.7202210838417864 9.530896405025674 -1
7.96069053402877 9.852381423280935 -1
1.1534357399454853 2.3578241747064577 -1
7.11973382024751 2.9377324335087884 1
5.050677995732365 8.531171212285457 1
2.9414149528865607 4.650554156522516 1
6.87640463216608 1.0174812030476232 -1
2.7688546359059285 4.500896630336969 1
9.947726819695243 6.9118204624924875 -1
2.0972802824731906 2.6988222821558128 1
5.962159210178289 3.2774986370732395 1
4.570841480102215 5.970062214697021 1
6.734000975735947 0.36648886577200557 -1
6.28190674300069 2.9618066658937883 1
8.95767752451584 3.770946367757726 -1
2.9673051467039926 6.875656117087898 1
2.1911758309908382 0.3458337414047541 -1
2.95536829808099 2.471427975444848 1
4.338379803678426 2.9016411271830522 1
5.012139682030127 8.240536142239872 1
6.218483726247607 2.0521467507105973 1
4.387459995940496 4.468256394662786 1
9.5483075801375 0.9806603014679238 -1
3.2339332225879023 2.7647844529222807 1
1.26487831503462 6.5981953668362 -1
6.402803868258713 3.590970968852123 1
5.262587845454828 3.8368864998400607 1
0.2777879920542159 0.946639777154682 -1
6.000544409484738 0.6880173301770076 -1
0.8300029255671182 1.8835013819214075 -1
7.934131278788422 3.8657338507821857 1
3.0893112489876207 9.559054533781875 -1
8.122563858427284 2.59643712497318 1
4.992945207436007 6.998764516311608 1
3.4378676416621836 5.977988945884089 1
5.849226702931541 3.302346149825215 1
2.2687187870922676 6.138950939624427 1
3.2227033537780025 5.347926510194878 1
1.8112759603777984 3.95681525059953 1
0.5426353351463331 1.2110380517834884 -1
8.097097001314316 8.950372439069959 -1
3.8376366987834376 1.4496976417701646 1
8.282022727871226 6.4912568314193635 1
2.3447202695489286 7.119966121855418 1
5.214070078100069 0.3403087506384006 -1
6.4420759207089855 7.827935699067629 1
6.050472871710482 6.2338855685466505 1
8.991765852060299 4.856371694032945 1
3.2569576485440797 4.036024801883741 1
6.099892418572726 3.2379994824295464 1
3.004274137471048 6.6817857565858425 1
7.016036928234916 0.8527853321072609 -1
3.774044272917431 7.260956531754111 1
2.5362144326958793 7.977476638339115 1
6.1425970928875495 3.329641424363634 1
1.9852232461866215 5.4493515122230205 1
4.190938350852327 5.812264845720727 1
6.011426346325637 7.6068954829695254 1
9.775803084207608 8.538643910428817 -1
9.983474212468153 1.037971112960644 -1
7.8996306359162105 1.4250096435127768 -1
9.250634281889656 0.13838692267540975 -1
6.203040868329628 8.291876667875563 1
3.4715729680420884 1.1354465688385074 -1
9.406849160127173 8.303502096193666 -1
4.150815118223856 7.128305181881553 1
1.4963518731307923 1.5044260464053771 -1
7.4976122406749335 1.2037430958848006 -1
8.933081002845594 8.886245299793163 -1
0.5364814632165404 7.430227115357699 -1
8.799471079036907 7.1307153919773185 -1
1.3090818751740563 4.027349676996267 1
7.6624415328926085 6.078474206060092 1
1.2191125957060267 4.9703887719155375 1
7.465352259800025 5.346919665505087 1
3.4088876600798335 1.9449009097455638 1
3.8231219403420544 3.7155324560684555 1
6.423150877847341 4.496831888460429 1
2.604091251603897 3.8247473226942477 1
9.089536481699014 6.934820709405438 -1
4.180608628959841 4.15621422363972 1
4.568077613690187 4.122375016230626 1
2.632933198620462 9.9298504743584 -1
5.6347301868803354 4.81819658972981 1
3.8595539489756856 2.375468428606741 1
5.079549763808035 8.777552603412875 1
2.819704446497906 8.94915781994964 -1
8.089561546145719 7.854772589681217 -1
0.08079918395457297 3.478721033173665 -1
8.317607833613852 8.455763861363122 -1
7.157272798073241 9.948425080583807 -1
4.41724682694708 9.049034070238164 -1
9.152461832174133 7.838931831662178 -1
7.020694753079089 8.022573441171035 1
7.137140616784824 8.248285702888086 1
2.2818239168766965 5.852795876712243 1
4.102458687103692 6.533760577047756 1
0.7983279034653079 7.072028020495482 -1
1.7293340239614385 7.54518321681423 -1
0.8789987169925906 5.273659883584098 -1
5.607245261630435 3.428388764288771 1
4.777538631939518 2.681456277651998 1
0.08380625472610537 1.652228595309223 -1
9.993367521697099 1.9711001775926396 -1
7.967249668852309 1.8634697438395287 -1
7.416272340914128 7.11483675895455 1
6.006214261763729 3.590419344879603 1
7.536769626192226 6.783292662866697 1
2.651408625820637 9.833177711253523 -1
5.9240897535638295 9.893806102668242 -1
9.896645219036062 0.202610769074818 -1
4.538401627398253 9.485920816059245 -1
6.343846465350453 7.295570221554381 1
1.6777404656862471 5.028996636698563 1
8.10190753809797 0.25892250105211123 -1
9.259789964753171 5.237460533860606 -1
7.970241026044196 3.021115678037111 1
8.07918492189155 5.9845089907988775 1
8.712617320907214 3.194131992181571 -1
9.47616513423956 3.0492251282194447 -1
4.558772460399361 9.263752685936609 -1
7.3077298816146445 6.060518015952589 1
1.2313082426239663 8.26375786064576 -1
8.645394833133858 3.016824244991297 -1
7.268890164767567 8.57290256523805 -1
3.385912837448074 3.394160858380637 1
5.872493432955077 2.006126010332838 1
3.8634719230099366 6.526624516575438 1
3.4802145972699314 2.4726213471161342 1
5.777711458294829 3.708925829509586 1
5.518491677757186 2.1904121712018334 1
1.6706556060930666 2.463235769439999 -1
4.302314446296609 5.702180921050518 1
8.933544771373816 6.847760932347123 -1
3.2785299330291293 4.8995603032286885 1
5.7341081450939075 3.008056443269828 1
7.870136121245945 8.777597692227314 -1
0.6671531269601705 0.027616593918211585 -1
8.70975947335486 6.9137585065480245 -1
2.5948610020735154 5.923235514872732 1
4.594469729069126 3.62318637325564 1
3.31510001885841 4.096203457180744 1
5.538441646738363 0.7310292962301834 -1
9.863991745851276 2.638040085642671 -1
1.509147419382516 7.279891957804408 -1
7.657724457908465 5.730287148453469 1
0.747547967626605 0.5117537095853519 -1
0.6791590602518227 6.931218701682779 -1
4.9666540708559985 7.566110318400316 1
3.926080371716092 2.28686360611786 1
9.980056649598252 0.5555829897186193 -1
2.0319255344667786 3.653285562115501 1
1.3467197224916905 3.996365935424546 1
5.847946467468046 6.354146007005558 1
7.210860742933659 6.28609926969553 1
5.3921636779534925 4.3065719015805035 1
1.2839407169035388 7.8152570625538065 -1
5.816118317795893 6.2815551598999955 1
1.1219303454610308 8.009933684029217 -1
3.776773569191967 0.9624216259022311 -1
9.2794508525674 3.320501011186029 -1
8.645246055211324 6.217269175215482 1
2.7874026925155237 2.2262931166821187 1
1.1758716903648925 5.067811263602625 1
9.513363263779059 0.6301425543100037 -1
1.947293190531294 9.314064310829549 -1
8.843972734992308 0.9000805288372626 -1
0.3010563198090821 9.34422987725 -1
8.9400990645743 7.615671995511747 -1
0.41539200889410655 2.5034002737177854 -1
7.172955789125818 1.6389690986926653 -1
4.201803701104313 6.65108046030876 1
6.243425020902597 8.911220545327918 -1
3.706628525663075 1.7671844337752995 1
1.2979079073561184 4.243780646218674 1
1.2219241499687827 7.454817731480789 -1
1.9364368316160507 6.9844005888132745 1
8.050913556633475 0.10865253750900083 -1
6.832011150157481 9.357740683340143 -1
2.040761703094928 6.511502179748783 1
9.910994989478487 1.0792824051279826 -1
3.6428766971161872 8.96051763677212 -1
6.268931534372303 2.448411430444717 1
6.466375969531941 9.728099500299514 -1
1.76138283396451 3.8257824442733623 1
0.04205185528507682 3.000520222370594 -1
4.014816892349033 2.400260655256665 1
5.555540366407948 2.3392777182623234 1
6.490136760151168 6.4732023376143335 1
8.976167372461969 8.257111611920699 -1
8.0148667787675 4.3069028949233825 1
9.024787300280913 9.760379820670266 -1
9.202062021558795 9.159646220817804 -1
8.385121807489828 2.5990928435658534 -1
1.3222062139594726 0.4300208344848466 -1
8.075110867439339 4.451705467313712 1
8.556445806449208 1.4603067394693436 -1
9.463185069594692 4.57476350604893 -1
4.627887531690131 6.956502337561192 1
4.689164489045777 4.515607685587952 1
6.168499282585915 9.479577735139355 -1
8.254496916126978 1.490497405121698 -1
7.11218731266886 9.896531663583806 -1
9.672327413566912 2.3142344958731442 -1
8.895064429184954 9.766079252710213 -1
2.630814899726258 9.160733023575865 -1
7.134617371421016 7.369241438115873 1
2.3207470473355176 8.5366104766151 -1
8.523441423756315 9.809874198453176 -1
7.993698174022327 7.141865757438416 1
6.981338226820649 8.281981272070459 1
7.654375494107847 9.337444083024039 -1
6.761913877734757 1.2604146549233175 -1
9.659825838014546 1.351311547676477 -1
2.380917040505035 7.466452601198527 1
8.557546819240665 8.27612290260275 -1
0.46765892224812977 6.714487251939687 -1
2.865944260457475 1.0973985106098338 -1
8.160217615690916 8.109960963428428 -1
9.328840237694195 5.659265849175487 -1
7.912624399302983 5.748790403487619 1
5.807482631794782 9.349304671186227 -1
1.4941603449730412 2.8444649998544214 -1
7.3119785588999875 1.2835936499784273 -1
9.719214201391619 7.401352151454779 -1
0.3625568386086919 0.16993735449046254 -1
0.7840691437802749 1.9713828886860996 -1
9.652858237905356 2.395764304390334 -1
1.1757747079795766 8.224291922058683 -1
9.960148366405084 9.972127285976923 -1
4.368259653445284 3.161738144811462 1
9.499733514039741 2.4854821196453045 -1
8.484997269664365 1.7776852721677783 -1
6.373884924201203 1.5301231451865638 1
2.8352682405551324 6.149115045869075 1
9.155781623122769 2.0051722930158355 -1
8.543153095009737 9.261733734971788 -1
0.9919989892005376 3.5250707996400257 -1
4.883168480076777 3.0570374347677642 1
9.312628339865078 3.872516372327369 -1
5.456891754554009 7.499419539071579 1
7.071348135421479 1.3006139704597452 -1
7.358773199680044 1.6250773070579794 -1
2.0864563502394287 6.533155866453568 1
5.713270065952179 2.2650472565504973 1
8.25953553098162 9.169517273797995 -1
5.8195650969864685 2.5316393473820242 1
7.688710846836555 4.026111738421784 1
2.7933561837137044 9.444430109664847 -1
4.447404526882218 9.39270294849073 -1
4.460274466487038 1.5796161727708968 1
6.737220703802095 4.944882919498399 1
7.330825557604044 8.62987846300639 -1
5.382333514689572 0.7716155519102186 -1
5.9920327769886335 5.320203299390988 1
0.884551423564226 4.867658693127018 -1
8.136647205664872 0.808788324287012 -1
8.990310177905334 0.5792501185538768 -1
0.9134384973921617 8.382609206238874 -1
5.028565349312678 3.4043377813694917 1
6.626574852296417 7.138404597164405 1
3.12934384661029 4.302062682824296 1
5.096849741338506 6.068687827185414 1
8.73646741591847 0.16900018274505269 -1
4.472815501398891 2.0104493423709457 1
1.4757735128198135 6.8687839329209766 1
3.7358957896328313 5.057786625146491 1
5.275397802956393 3.8871951663772664 1
4.750284606689465 6.235088733541506 1
3.2202117447064573 6.758595244821082 1
1.8212994167476826 5.733891411064117 1
7.596491996586905 9.988722573911314 -1
0.42441706193444007 6.279675201983349 -1
1.9335600103892914 9.27459248508564 -1
6.83375552773971 0.009196069112656913 -1
6.386589940962413 1.8428519564923795 1
8.722442192124854 5.741350515187584 1
3.4435044432754767 1.7032579464697217 1
7.093595720422879 4.878551537781426 1
2.0872628230731216 0.23718110345539167 -1
7.244309883170898 7.50505533966943 1
4.678455203900071 3.9889265363208857 1
2.0002658769951553 9.095080821401366 -1
3.913733535976822 4.1557181202339875 1
7.036542740969695 6.745693558546371 1
7.5212296707771475 9.734113438332304 -1
7.556189885792 5.092690769471941 1
8.656602180695417 6.0888190928656645 1
5.676089335303299 6.799129264400391 1
8.783878874098532 1.3714477971916994 -1
4.050993728708888 1.9026960114901648 1
8.762236535649066 2.5328523475693054 -1
4.557102901364816 6.993336032574882 1
5.164221686429531 6.201112214651929 1
6.455191774128172 5.432139271354716 1
7.09981594688129 4.475312125330503 1
7.556424579594242 9.748817078759886 -1
4.983063924713557 7.675960515643153 1
7.854711852693855 3.4410140943649226 1
1.376846301036041 3.1867468836682677 -1
0.23928546713670729 7.334018918146015 -1
8.449750414264104 3.6400725055913785 1
4.744156606040866 9.240470781387643 -1
1.082352904182694 8.480269855140572 -1
8.892637677772758 6.9204024571096 -1
9.40599797190967 9.211851495682108 -1
3.481009158038293 2.09885887699539 1
4.908234226865523 4.543488308753743 1
5.879924985052237 3.6662285162691366 1
0.5302844442402854 2.326591834618111 -1
7.205714934737375 0.5101552661687403 -1
6.319742697307933 3.813448282612315 1
1.2949708573408303 6.182074003083725 1
4.807599788508938 8.924098878679658 1
9.162304778091668 5.468414085212078 -1
0.07552335118185427 0.090688083294298 -1
9.783267391097416 0.05138796487230923 -1
8.712212838987384 1.4990783786294504 -1
2.951361561732929 2.15128499238455 1
2.8398823781150107 7.324628475229943 1
5.462265724347425 4.930089815162929 1
9.723940377713989 9.458132502177666 -1
1.4393771553768886 9.435437903143317 -1
7.911282358137379 4.044100907007953 1
5.8059284369693405 1.1217203014356225 1
5.002980491030366 3.7725562661399756 1
2.852105566146408 1.0197444263886568 -1
7.651414340850515 3.940202924209167 1
1.6993888456211348 2.511720078708788 -1
1.5587232940752427 4.077999289895713 1
4.835163333395594 7.483980440675749 1
6.853371076615762 0.4876974987987792 -1
7.473116205711973 0.7206699562339225 -1
1.574546768180507 2.7863564244091767 -1
4.426045400234791 2.783501939962348 1
6.782161930478983 3.1629672028159805 1
2.3990813604094297 9.919603480541312 -1
3.29957391720178 3.4032181666645203 1
1.0312976295217346 8.143052303807352 -1
9.427784140694133 0.8676859902313705 -1
0.5192648471326378 1.7690590151425412 -1
9.43335084103563 6.6383979320790685 -1
5.937309010421931 4.1202923789775046 1
0.17310325092825263 1.989604684692613 -1
3.071788760688512 3.7753556585241888 1
3.9656956702675474 3.4861259760807863 1
6.081175396372521 3.8580410104038676 1
6.335447518789168 1.3181140858879004 1
3.989247400236513 8.231628103824246 1
0.43987321504702304 5.4509592044632615 -1
7.868155644619945 4.003391881203891 1
5.122369739046516 0.9017615425343628 -1
8.361301696993293 4.998133903935367 1
9.874075925018474 5.791975880330293 -1
9.623630218325328 1.7678337192128835 -1
1.8458852387315905 7.915053977754093 -1
7.875735865958458 2.3897058244415224 1
6.89379227626913 5.81687276598262 1
4.3806767719139135 9.488101329190625 -1
2.7911146692356334 5.627816281738177 1
4.219645459538924 5.968954898435708 1
6.887589970878101 0.6234320059645326 -1
2.6120810520404216 8.1451776488018 1
0.6870300316445921 5.553023015871271 -1
3.463277126052885 4.720979866090026 1
8.213367482093318 7.223550522732496 1
2.0847935646513305 3.180088627518921 1
4.435217068881283 0.5745203847688962 -1
1.2540842875274905e-06 7.051444686149651 -1
7.056498682558362 0.9731780868388007 -1
7.600362159997346 8.865296859620397 -1
2.697169819280286 2.239358569578239 1
3.7231526806927784 1.5863363248938456 1
4.226809095122271 4.48219527847708 1
0.14609737503223696 1.6619746063632723 -1
6.937950157865749 6.894699883755166 1
9.541928149703452 1.8689085224267488 -1
6.005657325807178 1.6019562702172518 1
1.6287226925004994 5.90684850178627 1
4.731186973097193 1.0296980146675472 1
3.36607791355524 5.069799207414166 1
3.1584905224841533 9.780976174359303 -1
7.7324501421498955 3.9049500958781835 1
6.485837469631768 4.0266725295999874 1
9.43573382508686 4.2794442485708295 -1
8.464232057250156 7.363571495140978 -1
7.216241995989716 0.7989958707141676 -1
7.63735023599958 1.7500695984817438 -1
9.909473444892557 6.684244410957892 -1
7.515438368590756 1.9613378232073508 1
9.507360530191377 5.47690408708632 -1
0.5095601293434815 4.121008779301882 -1
7.740126709005067 3.8892857456428387 1
6.799775607493501 8.704114366621535 -1
8.037374567683077 4.296803345004011 1
8.347141115728862 0.04921969495932155 -1
2.8575973314379155 5.509977048014214 1
3.022243031746936 5.483382575836479 1
4.631866189656455 7.618451769820041 1
1.6537153212618938 7.147575203584571 1
4.79538631217652 2.3272867542344855 1
8.159840106242171 4.055369763954651 1
7.949049324171144 2.9429043434029967 1
1.0477473957084027 0.17820740016524117 -1
7.616141737624894 9.683771345136861 -1
0.8817103969115769 3.35270288651903 -1
7.943101672318211 4.831592790552978 1
6.068024625202785 3.2073880598185744 1
0.36298566371603336 2.4400083466141123 -1
9.414076015896958 0.9806807808003748 -1
9.973911717679348 9.64531248807222 -1
5.86600974069559 7.8503550833729445 1
3.0603954987148096 3.942187814794945 1
6.8975605335952554 1.9790922050652549 1
3.00237570015725 8.66422913228873 -1
8.42931704970452 4.3817619090949105 1
0.30349143221920616 8.540915686376598 -1
5.362508738415757 5.4876040604982546 1
3.434888312390658 8.73487378004527 -1
3.6093585603566325 5.211848606335786 1
3.002841275018162 1.302414843708235 -1
8.419042006221563 4.108691390965944 1
1.3333660090752375 9.539686492994612 -1
1.0346459733445212 0.8342742366978528 -1
7.948298304706668 1.6088479803898714 -1
5.338052927361458 3.873909415062351 1
7.703344300775336 2.591819545328069 1
8.23217955547572 6.18700223556517 1
7.149781771613613 2.932975896062829 1
3.929565695002112 2.05230364860878 1
9.272635797011166 4.994362938674134 -1
2.4440054777560114 7.536273771834349 1
5.856465514886221 3.502748704486237 1
2.1220441298706207 3.3550002609782794 1
2.78852032765323 9.63624341111922 -1
5.9411399074214355 6.411385668585758 1
9.04835145303653 8.227288657025657 -1
5.665723134888032 8.475733429080954 1
5.0195228944539325 5.235015843695904 1
5.399070639910905 6.3710973905447785 1
8.304815582258087 8.021771851058391 -1
9.112330153151 3.2704895745609663 -1
4.331063534416221 1.4781278814429932 1
8.660919370185171 1.8190857933610916 -1
5.3949574883910465 5.686794667858513 1
4.273102435742338 4.951356557807784 1
2.692162028650731 6.613237755788237 1
9.815354603642099 1.7423542362473043 -1
8.220886475467697 4.934681006974553 1
0.03176511707370655 6.883731609378575 -1
0.46968742119237517 4.190960776326923 -1
6.951224105720763 1.8860136814465023 1
1.423889774329813 2.9785914319576925 -1
3.360634153997333 4.05726174520682 1
6.268644152720681 5.055508611213653 1
1.3824692487697399 1.1271834828887184 -1
2.2567212858928674 0.4832585132907674 -1
0.03483715959936573 0.5138073773022811 -1
6.481656544872711 8.794145421892864 -1
5.610857770501695 4.3338234254987125 1
0.48275503908118633 8.416802442869537 -1
4.267261406875923 7.788621723617485 1
9.088635964653292 1.0970743408062156 -1
0.27746050104925035 0.21048790034236098 -1
8.291225453183168 3.940520638703574 1
0.37955471008145225 0.9787419128665775 -1
9.472439043596587 2.7380399854399604 -1
7.127175817990135 4.531949248833966 1
1.2170009977395335 2.7969126650417184 -1
7.396914111516383 9.375959116231074 -1
7.802070328771391 4.576035055303601 1
2.2833366051787793 6.817000192077023 1
5.86108271652253 8.129331937093538 1
1.1236333846158475 4.919001671222371 1
9.639243002225005 9.73251663843455 -1
7.200358823412079 1.5095471975180041 -1
7.352191422967019 6.809808544622773 1
2.5597443033774905 3.1955091057794394 1
6.388342311070289 9.202406226561902 -1
3.5004253277419997 4.695550778702222 1
7.406955760172066 3.350211638399708 1
9.605641191447058 7.742785087200421 -1
6.5475616079164 9.083226272123143 -1
5.9099744774639 5.295754526043092 1
0.4033793618803405 0.8008578760647111 -1
6.860880179318425 9.977463456606637 -1
4.21981128430126 7.972363408493256 1
6.352786938443278 4.604492364864385 1
9.769234853574314 3.545829267816538 -1
6.771775712634933 1.6068428638218468 1
2.9358943606455403 0.1846361909635541 -1
2.2646931682294538 9.946745490579119 -1
0.2865054501355446 0.6647456661595397 -1
1.980297993008302 0.9213476920356922 -1
0.05355467363497568 5.836312014070551 -1
8.022351121706132 5.148186613571388 1
0.7243010822982299 1.423268975394778 -1
1.3796901785454696 6.618145441556045 1
9.287020265568945 4.55431138152775 -1
4.841916348718315 2.89166734833888 1
1.2232528927958752 1.6852720458467596 -1
3.8173576142645005 4.569405083892147 1
4.20551921095361 6.3512968670355 1
9.004874669209952 8.998384770524485 -1
6.306741645606825 9.026129053371472 -1
8.96168576140317 2.0162706023032593 -1
3.8553708014052357 1.9343185098204374 1
5.518940160221422 7.576389116650644 1
2.2525944249752805 7.275993220369649 1
0.518771406271511 4.360168831046147 -1
3.135535799119691 5.573276143864553 1
9.061467842849124 8.363677701180432 -1
9.03699459472066 4.580251700869176 -1
6.422852369620868 3.26660448268395 1
1.3911310697743728 1.1930953402063116 -1
8.888260936893735 3.740983622941767 -1
7.97940134104598 2.682574632074738 1
4.322168000007272 6.412426462321324 1
8.522266438376088 4.527852072725808 1
4.646779046676391 0.44735077071437535 -1
6.287130473910509 7.793933487506469 1
2.8491388182380195 4.465171912271257 1
2.6528828608373534 6.60479417792808 1
5.764196596347514 3.5322359723757693 1
3.555015721318963 6.710865254332701 1
2.388307076727665 1.3313899528053308 -1
7.562901542821063 8.23538584762763 -1
5.669790629299748 5.96132061912245 1
3.606837476536353 8.602108661527886 1
3.705325016908605 2.046057045231792 1
2.088027034220503 2.6233724458164587 1
4.48246479318331 8.044443073875978 1
0.5548725164903634 2.7627805141200055 -1
5.292721602819892 3.7886336353893157 1
3.3883341418274346 3.8113047991483864 1
1.624825615346921 7.970939415645746 -1
8.331327644680321 8.73967873799543 -1
6.3426442651728205 6.310907001233453 1
4.3599878238935466 2.97732910211157 1
2.4710433569890156 8.740773470082464 -1
0.16385575464617608 6.052323971351714 -1
4.81255294050481 0.2488422428452497 -1
8.179225736940035 1.9588152691423166 -1
5.368530791605593 7.990634252911445 1
1.360931581794298 1.8079221726456762 -1
8.410763301646083 9.015992232411957 -1
7.1891152356380115 3.941388410369846 1
5.9218029769851475 1.8683750975631386 1
5.090055571211551 4.2963385313298375 1
4.691121416971901 2.360441668663913 1
2.2620936752048415 1.3503781499032175 -1
1.3696845865542162 2.98387110315777 -1
9.564971078203722 6.218093128807229 -1
0.7037396490039294 5.447797946056198 -1
3.7163678979517476 1.0586617760975192 -1
8.98947015564977 9.883301060656219 -1
5.97010946816142 0.7963125586741682 -1
1.2973421772652927 1.2750260605804842 -1
0.14618019452694697 2.25640096464625 -1
0.021218476008971754 8.017329521878079 -1
8.010647765164059 8.950314788566704 -1
9.10720865437593 5.035643355173768 -1
1.0412816370857525 4.887386899663952 1
8.994650772456568 8.735129114782858 -1
1.516877543748829 3.343241984644758 1
8.337231674055172 1.1251550877380112 -1
0.7851640050407616 6.4574136858431475 -1
3.3303997836640176 4.332705433253671 1
7.298101886675359 0.591064493395268 -1
4.035280627605692 7.217305808721097 1
5.041236568403805 7.711436835603685 1
6.080526064757768 1.9919785727326045 1
5.004505035293264 5.038233753269816 1
2.1622646047390806 7.844700997484119 -1
1.8090627999998732 4.619704860351462 1
1.1352669856227815 3.489935046638466 -1
1.5423084377463303 7.23946493771706 -1
5.286560075761849 6.718067956517258 1
6.539816767416186 0.525069070691957 -1
8.429369665180573 9.419407055192345 -1
6.025725074976548 2.5578880980701104 1
1.320961959010848 1.7672229681427876 -1
0.8821053606048324 4.736068604520801 -1
0.9586542239004348 0.828858112142592 -1
2.187009045815833 1.507555468758155 -1
3.636957088319125 2.301163638161933 1
1.7580579447781908 0.6955720301516499 -1
8.508964900311026 2.133797278634617 -1
1.1396413262448923 4.4678480656013475 1
6.429423480303758 5.632954796599896 1
5.927407008185681 5.494613080808199 1
8.409451010780222 4.1086747801485535 1
0.5935323361448364 1.241887285140958 -1
9.180572960752587 7.557190498377324 -1
9.046285527342624 3.1733540295425167 -1
3.001381512096386 8.03054205516045 1
2.888499821732408 9.030649401312289 -1
1.4079613735574348 3.6208490308048003 1
6.489544217235346 7.078138039829188 1
4.331483905491843 1.5786128582070047 1
3.1166721047711587 9.333128493861215 -1
7.50953897619657 9.796030737776174 -1
3.1299278219809157 7.35875262439583 1
7.000572014029287 8.296930135301277 1
7.249078021001278 0.4475338212508695 -1
5.009476593152695 1.905289219272388 1
6.993305027675467 1.305161224301179 -1
4.497980728710188 4.899528367961715 1
2.6897129694666964 8.574917061858367 -1
8.962353727534028 0.40937715319316226 -1
9.625309429403519 3.2377500192768407 -1
2.6599402267911723 9.5823512909984 -1
5.742738570392375 4.426142050575396 1
7.197805971041769 4.321555247984566 1
3.9359016005745584 0.7888615363067997 -1
9.722542872427137 2.5639634625205945 -1
4.272164441278221 3.924013980386035 1
7.505255079927739 9.35624525752316 -1
6.2952365668191765 7.2627526052453915 1
8.137130000223097 7.0647896772136445 1
0.6354980196142279 4.185797316843902 -1
7.8646714096503425 8.912764943374642 -1
6.182858819021932 1.899992398559165 1
0.09204118438814746 2.517546393908796 -1
8.997676578231344 7.9871339094295895 -1
6.874437558288867 9.674798736069118 -1
5.556436164924989 6.552846843424671 1
3.704112472015575 0.16614761043692416 -1
4.510644448101767 6.874178578714778 1
4.920217814239056 7.881410536402771 1
8.023392120981272 1.6912941478569454 -1
7.030962615599651 1.9134674821613118 1
6.4921928449626565 1.7279937316281235 1
9.990351393938353 7.578207120291215 -1
5.346796948747903 3.237928857771586 1
2.9742710656596048 0.635271804028068 -1
6.723236557423312 2.7282305149096384 1
0.43299459931844364 7.86150298651961 -1
8.8760375145599 3.2695498517139643 -1
2.6144864301484896 4.004448416007376 1
1.867294281181413 7.311989285642299 1
5.817900008452126 3.8070230355070187 1
9.953353148769704 7.09835208253807 -1
4.941080111514252 8.809030932566728 1
6.781547612853116 8.078396839095374 1
2.6666778365948183 3.2496284142986607 1
8.491361007531195 2.779310579008879 -1
2.3205649602505707 3.642000630849612 1
3.965616093086667 8.627665738380285 1
0.6720272461273691 2.2056446845067312 -1
9.26594311308785 9.183897460859367 -1
9.00530138017859 4.257640227132415 -1
5.126021668427105 5.934148614040868 1
0.3357514105479198 0.4417396041549204 -1
6.13821307903483 0.5210511369494453 -1
6.57644823499603 1.7086694196025287 1
7.408401280321937 5.619521214847807 1
9.93786166085171 5.1442832171117105 -1
7.085391367435438 2.115526545527416 1
1.3473961684540803 1.5256970784796453 -1
8.563157611235098 2.1860819358826475 -1
1.7803742149724733 3.6744597202149807 1
5.997489957373668 6.276469249305507 1
1.2404642697439894 1.0813475711855947 -1
7.495044662847141 9.99391404307321 -1
2.708640719671603 3.9326098276833243 1
7.094882387007723 7.0483607887255 1
6.689286203160885 2.694402627235241 1
3.1153253208043763 2.5632187970305442 1
6.453119730166507 4.958354477493168 1
0.663141472433858 8.890611143761841 -1
9.381060401218953 1.3479550136466067 -1
5.416318667739326 7.847649280850816 1
7.0132638911140095 0.5273196470700658 -1
6.428199536205322 8.964342865464456 -1
0.875084225500582 6.273071812845665 -1
5.066619672379006 0.3804775950570105 -1
7.68410985586468 3.124913806857607 1
9.718385338209725 0.26652584477150243 -1
4.990858316059881 4.378356388582572 1
3.6157166064462043 8.865465103328486 -1
6.536103292953088 9.920792045785266 -1
5.6197912889449455 2.205744702612782 1
8.434932777044347 8.45492808471855 -1
0.8327621892562986 9.386620926752219 -1
6.131236610116703 4.632018851873001 1
9.59558701983733 4.400122753325027 -1
3.9058879554350714 5.753288896719652 1
8.820918091215264 7.110602590584049 -1
6.914053059299517 5.00140129526252 1
7.124482849806666 8.23249961698676 1
1.142226040947233 7.362348821865957 -1
4.086474224851139 8.97700853154142 -1
2.1516840162771422 8.033362102212628 -1
7.515462723474937 1.5542497094501662 -1
6.430292534081672 1.4565253247860466 1
5.356450642584841 4.25532575975644 1
5.08016025931375 9.929870295090943 -1
8.308681608742491 4.828863322874034 1
8.729720929938683 6.068236876373535 1
7.9162631892113025 8.3402815388265 -1
5.764734987134894 3.7706081504704403 1
8.455746904018863 5.329288762486888 1
8.198762094187016 5.361430123591418 1
5.486221347421381 1.1054613913616373 1
8.058318583744216 2.1459049870886684 -1
6.403545661397752 6.517333936508306 1
5.445661145258733 8.038869076750576 1
1.272882974070969 9.570586866497678 -1
1.6870752220760643 0.944679097282245 -1
9.595959664748769 6.301864089055714 -1
2.2328671392112662 0.9624598157588171 -1
6.839145625947469 2.5437620977296174 1
8.489646407615476 4.525995063513925 1
1.9036999395896814 7.537571739911467 -1
5.5523512676393825 9.372669906003498 -1
5.409122971301637 4.30286984763149 1
4.566446198548344 0.32982806209492344 -1
2.005377169412672 1.1096462292215337 -1
6.052791170242663 5.069184781096219 1
3.9733108963246266 3.8656203122455324 1
2.394467818374703 7.253759991390377 1
6.489865268028999 4.074990500567909 1
2.5895689878454364 1.4259652081124907 -1
4.195978254530097 5.418277831327671 1
3.6234316280914647 7.361722922907524 1
2.5364731914233274 3.8621384937051593 1
9.934397555679716 1.8583543762467425 -1
0.9384249127220046 5.682465602324793 -1
8.174436576457497 9.280863564715423 -1
9.13798455438656 2.1912858446465524 -1
0.23371089675710888 4.794852723077403 -1
0.3402642897450603 8.518827994158874 -1
2.550323338841597 7.198746102907033 1
1.1945764513678403 4.798032115829627 1
1.115840494016731 7.773288065309828 -1
6.246461183873605 0.13559919614111626 -1
5.351459538881046 2.7238803651622434 1
4.26642408132038 6.67874396314997 1
1.6987200624540377 3.5308685155483612 1
6.446580676384467 7.693684105407581 1
4.868658505518119 3.7554449313752327 1
1.206844514465718 1.6426299774521647 -1
2.3250674920500947 7.606161960485766 1
1.7389162945918746 2.594289004340884 -1
4.108471534769467 4.839191921936883 1
4.001783195220377 8.49681824220964 1
8.295132116601486 4.434607062049864 1
9.94406420135591 7.73688331766763 -1
5.976258613929133 3.149700711784612 1
5.779917753003575 8.223232621852524 1
3.858928940854167 5.436307660084586 1
4.8881562225392425 0.5574613562854003 -1
1.3391177586605962 6.500829092898378 1
2.821106459661852 8.885403213670463 -1
3.41851710392308 2.4624493370833234 1
0.4743705753660521 7.805583558068923 -1
6.138500778421924 9.396448516833601 -1
9.999487709904562 4.384571905176433 -1
5.063833774869164 5.9734209497806825 1
2.127054241277966 4.210909631348426 1
1.1526387150369877 5.036036386893165 1
2.1983853471399275 8.56424905081871 -1
5.037168976768637 5.272974929464685 1
9.198114668007095 2.34764625365126 -1
4.77202767116148 7.62876567773982 1
9.669524063298487 2.8874781647003136 -1
8.47326008475805 6.190040386599778 1
7.5506495462026235 7.425410339544732 1
2.7119423891865404 5.909031971574985 1
4.393532686800673 8.925683584080884 1
6.805847996738868 2.1000445572127022 1
6.2562451075808125 2.1347715640479548 1
7.725570744798109 3.4920111083790406 1
7.625294153241327 8.470365664120589 -1
5.960662351985188 1.9263614673503182 1
4.077249335638672 6.186751432157022 1
8.86692259266914 0.7694362650655939 -1
5.974274275394942 3.858971782885977 1
2.157156428651139 0.9144980748840081 -1
0.49468094290876174 8.38812897183253 -1
7.8737959123932875 7.5919405886481 1
3.1313635543962546 7.196112045798666 1
9.109934414310283 4.870368270380906 -1
9.264195681341 4.527646573731868 -1
2.4630225595665745 4.736129805378797 1
2.2592780472656115 7.089451834183126 1
2.427811918783387 4.714304554220582 1
4.9900655815330275 8.484258983158021 1
3.5308642959386747 3.612298269289708 1
5.178366064360754 5.44468695551782 1
4.577677039114025 9.527814343845924 -1
6.907148285172112 7.651489079345415 1
8.638006530178767 4.724335444572172 1
0.695597516706028 8.75757853915122 -1
0.6136854260969149 0.007294263226740316 -1
1.1860983794472069 4.703756417675097 1
3.120354542348437 0.2357780719500091 -1
0.21094045375668835 1.2367150771746693 -1
6.131870958701989 2.098950600707299 1
0.27980931639450257 2.3619892972521583 -1
5.0083888219625 1.4584109409095136 1
5.442706879799598 2.3767759690456125 1
7.695174836500641 7.042838263863294 1
7.002414851061025 3.4884567481440376 1
4.935761530402484 8.124282101149394 1
8.700273237028023 8.663015290261747 -1
3.7273560938026784 1.6920200900672644 1
1.6027088797121802 3.789453696879661 1
3.1284384900832407 1.825939269730249 1
1.1952415765053537 9.878485206971094 -1
8.495883124297674 4.647268002823642 1
0.29172890849892386 3.5613489394896303 -1
8.328300551367953 3.0322138493393656 1
0.8426083348834301 2.096440322503732 -1
3.968792514290725 4.762391396351697 1
9.700037911663497 6.6022350591148715 -1
9.038905062800906 9.137298718791873 -1
2.003737168829126 6.647507052217982 1
5.645063297765707 1.593439022573182 1
0.8419030494871815 1.1286013557566144 -1
9.73879525842163 1.1387235804924434 -1
3.8351016083324794 0.5928685836965009 -1
4.99245924411329 5.175307316717122 1
9.174454467090044 2.5834249191586753 -1
8.44812850184123 3.9592102280207864 1
8.008650129435894 2.974057422678915 1
