5.497738632675659 8.398479185946753 1
2.394342416987766 6.599619499882813 1
3.446136298393152 1.67124089196515 1
1.886122954092787 9.628293755509864 -1
0.7293656243511237 2.946191720490625 -1
1.4527607415320865 2.956854116151942 -1
6.771527726247691 9.371487873614713 -1
8.001251724525412 3.6630004630250768 1
7.193376048612223 1.3571849192095808 -1
7.299684680405712 7.011527715855232 1
7.0774954977084805 6.430314872519471 1
1.6780715740477847 1.2905234071385874 -1
3.1197877496894657 5.115192943470812 1
0.9526253399370943 2.903408387975679 -1
4.121598918241514 0.4964586610185384 -1
0.9538447279506967 5.135657264849501 -1
7.921686831436359 8.180765675486425 -1
7.2710059762893895 6.989218723495404 1
6.529545869948717 1.9371096124925313 1
3.029948842027866 4.264808695150862 1
8.586646132440634 8.851387533959162 -1
4.623685975232773 4.788392420888872 1
3.1172911460527706 2.6131568788501713 1
1.6611160095952004 2.670951446067434 -1
4.073944166940752 8.121330239067781 1
9.336233100657056 3.8315357766707536 -1
1.714155882690901 8.240927557067591 -1
7.845746275828766 8.216190354640862 -1
3.997924671842441 5.390152011836918 1
6.0607790812596996 5.401206351598772 1
3.119661974500257 2.820549468796071 1
7.003828187344156 3.2994795511374706 1
7.243737893822227 6.823285574561089 1
5.168803703601657 7.8738979633264545 1
1.4338085152985747 6.5191186190314685 1
3.3361341059175817 2.640900191489167 1
9.96505690917851 3.9031067723750947 -1
4.785102633065033 8.584412837547244 1
2.114525142144198 1.4382041077033847 -1
7.403463222387172 3.1716752384288083 1
4.834065288630336 2.852837194086424 1
5.039669531334152 8.069066589389166 1
5.876728008799869 6.067168489446372 1
3.7456615751841493 5.099189279067129 1
1.7988929625995875 7.77281391822874 -1
8.034967443414345 3.9314045788903282 1
9.71773324930309 0.6515109296690058 -1
7.415886692250163 5.617541846217698 1
9.701031307511167 2.482664917718531 -1
0.16940148122851384 2.4197605646219955 -1
3.0172586334428053 9.529327231651038 -1
6.9095677685787 7.8429341734328215 1
0.6852040224113709 3.2464852800675335 -1
3.7895039487801787 1.7857940660602434 1
6.658364569478361 4.481042338202553 1
4.532411585367267 0.34210753945044914 -1
6.9006731965643295 9.215990458824276 -1
3.298611231146026 1.3602530042680405 -1
8.460501152280443 0.21280402827726363 -1
4.223315183204096 0.39556254385702205 -1
5.0802620937210365 6.169388890316288 1
7.493653421443635 3.7296071003799036 1
0.40068979534074844 8.438111613021807 -1
0.45080395469182855 3.7662978248167844 -1
6.810519727568122 0.6197087822012148 -1
6.981220781204681 1.2401326289009673 -1
3.0190912981899034 5.039886883935233 1
5.5555779834904175 2.551644066913832 1
2.2739328847732896 9.837126592594737 -1
3.0080788100451072 1.1052743213125527 -1
0.4582696743027259 3.1405707351401357 -1
6.758428156822639 1.185319778509869 -1
0.2002192235701461 0.6108442700542227 -1
0.3610661024195583 5.887659058821939 -1
3.636691240091646 8.461356704748814 1
9.297967555665439 8.18683181567409 -1
4.092588424384749 6.859126180088358 1
2.4929423031903464 5.086060317539452 1
9.327176929377401 5.076021203853206 -1
9.62137568440386 1.6021741005199575 -1
7.666190069035048 0.747928671117456 -1
9.71768895523239 2.168570303032217 -1
0.7954651047545713 2.4957837154779616 -1
5.859081680688107 2.8428440917080655 1
7.6096562840707165 8.771471889953919 -1
5.059209828870253 8.162412395888053 1
9.52114478921196 3.892412586153551 -1
5.6177309010420595 0.9878523957248586 -1
3.6224260052567194 0.9237109301864976 -1
1.9369132377007348 9.902496110096672 -1
2.987947982692588 1.6607228719148304 1
4.921743218319012 4.5344563270622515 1
5.182379359158903 4.489783804841203 1
8.51643690806396 7.199387586202501 -1
1.641023509891124 6.120738276049376 1
3.8353649948537925 4.273092390591548 1
3.0475629968324824 8.669248929501464 -1
7.935680842539716 4.59408365449776 1
3.194871693334825 7.595159258487033 1
0.7446638221262247 8.468890053859758 -1
5.472815183919301 8.985166656980256 -1
4.9392826964731 6.880039058452592 1
4.808141589002858 4.761754602004514 1
5.956542833349664 6.089402910946137 1
1.876991275958244 9.737904075181888 -1
0.3450268057948813 1.8441044082420732 -1
7.051579945572398 7.527798947798151 1
5.2526233474070345 1.2942944035925175 1
8.592802585514915 4.611611957739234 1
4.857739268541317 3.129936684001402 1
1.472580055950875 9.189658050012351 -1
1.7000886055433195 4.197369416880466 1
1.8729712995884806 5.558174148431912 1
2.795810153626345 7.172234834043026 1
2.373891531767124 2.0490962732763185 1
7.256430350259809 5.737075372381758 1
2.6263229887284134 3.3670824356987614 1
4.903364300688762 0.33936507829021023 -1
9.31823195316559 2.405956550821072 -1
7.0412129474172875 9.726962723563076 -1
8.683997440278825 2.249558568145835 -1
0.7123011500546994 6.892965522283511 -1
9.639752503284582 4.726645606329239 -1
0.04625277886562196 7.100768513576577 -1
2.4606757064245666 4.401680880834445 1
7.151732873552118 2.2595206758543904 1
2.5521983340687724 8.102446010191116 1
0.9547005111527562 7.94021860967153 -1
5.159948131014465 8.774406791385823 1
0.17631524381867658 9.21882755182597 -1
8.255652734001735 6.880519070803734 1
0.41461384794100553 5.363809057047774 -1
9.369474703784393 1.770781842451058 -1
0.9166051948757559 6.179079841380421 -1
7.8835907724819805 2.0821707545730153 -1
3.9022706780059977 6.1223939848516995 1
1.9649017881494857 0.7637248446009948 -1
5.0880898559770245 6.084147490961812 1
9.19025637587766 4.407180472745484 -1
7.495722411927705 3.6976818712490642 1
8.443661140395344 0.23784132451747708 -1
3.080229572709041 9.475886012069376 -1
5.719456234502259 1.052981805407549 -1
7.566707151924003 5.508361979407209 1
6.092659645065829 7.364303120601522 1
3.445243089334747 0.767983617284671 -1
6.746822967713371 8.207882974963907 1
9.85137171176911 6.666466166122685 -1
9.755685574038445 6.542696749997143 -1
9.432134795964437 0.16140968879849393 -1
3.326228383266484 3.492056618202418 1
9.09260129870198 9.203180441504472 -1
1.3310176160923748 3.519814811576809 1
6.499935690263258 1.9112771174006349 1
5.585410402782589 8.340517024583646 1
8.26173558242048 1.623533537729478 -1
1.0286020991232148 3.426547148891909 -1
9.880562087900703 7.205235081879891 -1
6.9990076285266465 3.556505716932575 1
7.921248076693368 2.121310556148278 -1
3.16309064160151 1.4964339581527275 1
7.8494300875611795 5.401454028774748 1
7.469632390395782 6.49365102547093 1
3.6546256851042234 3.0531217257034324 1
7.620344464396264 8.31403725462387 -1
4.187330011679449 9.896925807285909 -1
2.609207451994525 7.968189404135712 1
3.678422732508022 5.877528533581327 1
6.9042811384826095 3.000918420469827 1
7.629679133615619 2.8533069509675824 1
9.852113389473317 5.3152690757549435 -1
1.4012255402872509 6.9181072672587005 -1
2.9184174247720174 1.4970162263218023 -1
0.9615538361166986 7.34751404124367 -1
5.242233634588407 0.8349308222180141 -1
1.2106836028730283 8.334354680170634 -1
9.861874975447037 4.389884962232932 -1
4.829893741893193 4.557764256544305 1
0.667149119102598 6.69271343569222 -1
7.439072290085395 5.144415153424154 1
9.287365764671012 4.088352928388719 -1
8.79420652602931 8.998075612323193 -1
9.170156332878626 1.0449654897052507 -1
4.733841318037264 5.555002406756896 1
7.192677590753206 9.163620957308762 -1
5.920196422413925 7.408386675338848 1
8.425534237771693 4.60264275949072 1
3.418310920618697 6.424745429382066 1
5.7708452319240555 8.322755418722643 1
3.6750148427118443 4.983655637095758 1
8.705735313580528 7.606702776703948 -1
9.649252127401727 0.5455023545702353 -1
5.1244464211321485 6.998004466792028 1
7.915944106663003 5.772188355394716 1
1.8637368544059707 4.2872573245488415 1
7.358402817470903 6.7069318186067575 1
1.886439661758409 0.2937290045569607 -1
2.1697066790361728 3.9047461063504363 1
5.096103039032037 3.201637193274066 1
6.0833979607347475 6.55833293900328 1
4.451986076760931 3.9253312562053666 1
1.3911369962949072 6.071894628325635 1
6.071825784421955 6.476175525133949 1
0.7319505973597029 0.5583957819977337 -1
4.480105637384153 8.795110086618433 1
3.737418435377229 6.479695113009267 1
5.513093851237292 9.75375140388341 -1
7.6725083414951625 5.471770268798456 1
4.496516277842809 0.09847817377521717 -1
8.090057871168195 0.8452586775557036 -1
0.6757397728796644 9.582366547762028 -1
1.9494466013952405 7.881566594693188 -1
7.2189514120690665 7.039015572665981 1
8.661059329724322 2.5084664203708473 -1
9.455076750914841 9.693025935360213 -1
2.4494751078063084 2.0875068570251845 1
7.7602561466517415 1.9220962710050826 -1
6.125053261284301 5.1244197087922405 1
0.059334698238444616 9.309843663257105 -1
8.377043588883605 2.8466470536103596 -1
6.842584821070981 6.750783535852097 1
7.321781675985561 1.2479298579436893 -1
3.1815585123053722 3.077077465096909 1
5.3460589713691835 1.647363771515864 1
9.546362304373652 3.3921338107434416 -1
5.53480190265792 3.3442261684336225 1
1.7429489344783633 9.950727323773368 -1
1.1799569381963115 6.03520789958056 1
6.210429339650293 5.909273058106043 1
2.888006669537649 7.398621984994903 1
8.021021330781993 6.770312760081659 1
9.609470449918835 5.025772697665244 -1
0.5244169066388071 4.487738096578283 -1
5.106030442207086 5.261772040552138 1
1.0428371762121147 1.4906094755409693 -1
1.4532517665824163 0.9980693470953994 -1
3.649759527738089 3.959650412259342 1
1.8979830823566224 3.054825686601048 1
9.954643973620081 2.0418441233081364 -1
9.771897989112482 8.400551530864679 -1
9.009787420412183 9.146858253398866 -1
3.408511366518814 2.409686751435202 1
8.711002736079102 9.304099127076649 -1
6.612254313078271 0.6863529643868915 -1
9.518828589589141 9.062656161002304 -1
4.1532865278773725 7.857665008233403 1
9.606996692713487 9.155583695410286 -1
6.573900799820647 0.3984991393086701 -1
8.111154015348914 0.38731797658465794 -1
6.281733134930834 8.198926420015702 1
0.5358253612500263 1.2057949059540929 -1
2.715462951011637 7.239908957236343 1
1.6200560040913081 6.502405724580692 1
5.914254889850144 2.0250221132595403 1
4.42541067124351 6.899062111961191 1
3.436733602663594 3.9870077745897934 1
7.9974904026636136 5.599587524232704 1
3.0589756593523196 6.676864779111089 1
2.8880306050398863 4.187414289876844 1
9.256140344808426 7.231227408581644 -1
9.076328280424757 2.7483092393916353 -1
5.577929823864163 9.370528802836734 -1
9.357497534309182 3.2261998891528156 -1
5.370745325510922 9.820024396294398 -1
0.0646238450256198 8.975883632741926 -1
9.052196054569489 1.823275660489797 -1
6.567530747289171 4.854069203524648 1
5.124628712922695 7.781707623319312 1
8.442789072108745 0.5131447876516326 -1
8.197204011589516 5.283726614481136 1
4.897100931629077 2.1585459099747184 1
8.862189485431935 8.206434135505281 -1
3.1640256911550004 0.9969646394464038 -1
3.211218338808055 5.273926047392195 1
3.9093279025875347 0.08458686473952204 -1
3.0531615580527207 3.2547838387094497 1
2.246790618778464 2.4386295779846536 1
6.01906951293193 5.493058212189293 1
8.761112635069683 6.711943413457132 -1
6.986522566641612 2.291565201936161 1
4.75010956652918 9.147286026788509 -1
0.9853326246881211 8.805553094439441 -1
6.156397633385222 9.816777944264965 -1
0.4456634391368308 3.3443977833434735 -1
1.75331421196678 2.861360602216554 1
3.399638705727778 6.677754480990448 1
9.569013159917615 3.0781900330033816 -1
5.637942172686427 0.641232843304117 -1
5.301671282230468 0.6037728571900591 -1
2.3532004839185747 2.974231280915971 1
9.870996396447309 9.011098593075593 -1
5.026954570184305 5.427124738102666 1
7.379648185608222 4.19359002675324 1
6.741191514055119 7.09960822988975 1
3.91779620150005 9.01345651187517 -1
6.84841097982111 3.4251194512046403 1
7.095695350917043 8.455029099262628 -1
4.844576339133543 6.584820783323174 1
3.487978999846093 8.803824078076136 -1
2.201352160394986 7.171932711936852 1
4.5691217771482115 4.617529045841494 1
3.9001920207505494 1.8002587484438115 1
0.707262558714219 1.7661226618049353 -1
3.6615410995088227 3.6642054251958633 1
7.9301268964052 7.819184919004892 -1
5.735302425214321 6.837002592258445 1
7.655364608904872 5.558620968710954 1
2.9354876795670592 5.187243501717562 1
6.496883690247724 4.872477248185978 1
7.751951385100586 3.439084752750575 1
2.946644977479159 9.632118739752336 -1
8.17836862949893 5.075707555249531 1
2.3405730904633026 6.017320869390975 1
5.386231312255287 4.80544879830288 1
3.98493235477148 1.5147902485299614 1
1.4448328356283535 7.134956777293098 -1
7.58828126082995 9.729330995395111 -1
0.2955050715330454 0.3362958097307911 -1
9.092905652812007 6.836505217417547 -1
7.7945319425171355 7.16974371085736 1
0.5628347191282357 5.838259241794798 -1
2.3891954536986004 3.761992806737288 1
3.654333990704721 6.178182957365083 1
8.732069009424228 6.456008031282547 -1
6.8190532895306175 6.447237429773532 1
4.836306409796061 6.669015550794139 1
9.366280452721922 8.099940368732467 -1
6.598296719484896 9.449215204161433 -1
6.657394636785531 7.694705564426302 1
4.0944731810779444 5.764199068078636 1
7.362224400526446 7.442608763974761 1
2.3357655485563145 1.1112687587171932 -1
7.838921128484902 4.429291987150191 1
5.12571776227446 2.053402040052512 1
7.497766989684223 5.7560015032323815 1
7.479561758869648 3.470494003132357 1
2.1933895664976024 5.141411739954615 1
4.886239927124817 1.4304399635263243 1
8.564781851663714 0.8657051364091872 -1
0.5146975175168 0.17931396815614287 -1
5.389207178567791 0.10807924008079173 -1
7.073378600676267 6.712400236921912 1
8.946303924356368 2.240764131210935 -1
3.0284035717292856 3.9739346447269197 1
4.250030774280466 6.863310325818178 1
8.409910966826144 5.419318759745373 1
7.045797121312299 2.3354717555601168 1
7.6023608805698295 6.420062996077833 1
0.9491009702681141 9.252143844191313 -1
8.457175643986856 5.856372845018953 1
7.376759656103953 0.050507628025725504 -1
5.8987850559427 2.409141944515385 1
3.3568055481526757 6.850912810157164 1
1.3153456566216193 3.848283131653021 1
1.3911505102598842 1.425853020531237 -1
7.358044889690163 8.079705255390724 1
9.452615908798505 0.3195625322601403 -1
0.09791701797099206 1.5368647748360131 -1
0.5922722870388741 3.352166677219406 -1
1.2877079363303867 0.7494306636525083 -1
3.723976414521216 0.0481826939120944 -1
3.4430805076498148 9.884512844030034 -1
4.014666187976585 0.8095422216151671 -1
8.781686754702962 1.8635436561668495 -1
3.559077207776533 8.532233541659458 1
3.9247915773781283 8.934303284086106 -1
9.528286356727559 0.9681928726137168 -1
6.100709855140151 2.881480920855454 1
6.69686830720158 2.800982666791343 1
8.199705076718178 6.047993044557706 1
3.617883466253118 8.903062286944962 -1
3.832502580560322 6.802330860721392 1
1.194852672788348 1.235954093280821 -1
2.647008913212522 4.696343784155966 1
0.8292888687974387 4.638128046507427 -1
2.489039110903545 7.16027169765486 1
3.7838645705056875 3.2367710381321038 1
9.844414458602559 7.119989239504277 -1
3.194220674555037 0.8229974435257281 -1
5.553341289844128 9.67504902769342 -1
5.289456125819806 2.3937770517154746 1
8.686828941204821 4.224100776836438 1
3.9091381666642 2.6127041559121333 1
4.831670362112812 5.898453829822677 1
0.6239563406983883 6.493896201572808 -1
0.6440747782003442 2.732544901410261 -1
9.387863936486395 1.068922146348621 -1
4.129154663073854 7.341395829201044 1
1.7255263895857442 1.3575934076036988 -1
8.435888355530064 9.683124513863959 -1
7.463263362497271 9.825885651765265 -1
5.9829757464583455 1.4213540327522756 1
5.928894686005416 8.415289838972694 1
1.4525108808313858 4.164752316321506 1
8.752314740214857 9.202201251317264 -1
4.503177201115682 4.775254643861747 1
5.063484742044207 7.811781999970063 1
1.3461305772096133 8.537883080859922 -1
8.74486305160905 1.755688182462174 -1
3.7194061577880255 5.804839407753189 1
4.555593273982287 9.605968042453036 -1
2.1985331102044716 4.476678407107909 1
0.16541252876329127 6.443880191023182 -1
3.390835596418812 8.785294234615918 -1
3.4542119045376096 7.698855668239043 1
7.754212967801859 7.381393875579243 1
4.674338747996946 9.452607917173582 -1
0.24141187906471573 2.706153283539642 -1
0.902343439670662 3.9704568563534224 -1
0.7107435438148002 7.376274033900283 -1
9.445121404601775 2.5475145855285963 -1
4.372842149135508 0.10035163396765023 -1
1.2066770279396888 9.834164486255565 -1
3.538904403720501 1.39368053889675 1
0.884139264997148 0.33849935299442135 -1
5.1874061840901 5.534923674196481 1
2.4908738191958992 8.228297858276372 -1
8.925920541271326 1.2504638731412288 -1
2.8122627427242586 1.7887845393157609 1
9.84157474377707 0.053587373207104605 -1
5.524942129776715 6.028215262440869 1
8.29788279506692 1.9538105368963343 -1
3.915260694722585 0.4480194322777342 -1
4.9799509997221305 2.8839499110853195 1
2.175581122032769 3.1331008969697494 1
5.989889933882421 2.3579922414260435 1
0.7439930555950758 0.9188031424610321 -1
1.5183894415138455 4.973962570227588 1
7.899072726812052 9.580617161761799 -1
9.876387877557844 3.305261089896537 -1
1.8514956791508896 1.097877552326395 -1
5.3428980119809175 4.422339595054215 1
6.752663354160986 1.125924208748239 -1
4.451664567269853 8.805414998192429 1
4.444973781462562 5.479720080335889 1
2.3643446469764706 3.995056321487116 1
5.934394764524235 9.348723839594756 -1
6.96612813032501 7.947053155441676 1
9.363258580979954 4.942743181072867 -1
7.739765933589241 8.463908246525962 -1
1.725662213557434 6.936240692081998 1
4.142557330809514 0.4070431409524111 -1
0.9797192341155481 1.4863210250297176 -1
5.1892917700464025 4.155629589101593 1
4.2369461012064935 7.818725157125835 1
2.4633802680005035 9.902918918500923 -1
2.5874666040667185 7.632381522119412 1
4.510392935277871 5.372208259440521 1
5.930381196774615 8.770001197044175 1
5.715120059045152 9.804530108798335 -1
3.4051552387098294 4.131099676733414 1
3.2714229858189183 9.952037431882898 -1
4.96972957313197 4.161636640551684 1
4.344846162832994 7.371704507051938 1
8.64095354066559 7.993326056335781 -1
5.840354071311084 6.787044045570538 1
4.903328065683425 3.711897027781937 1
7.906559073721814 2.5977230871281187 1
5.104160657516385 5.19310228500867 1
8.628466544283706 4.125215532146936 1
1.3544000544359147 3.0805118642932197 -1
4.09845110804667 9.878969658494652 -1
3.131602366920875 8.984638998836228 -1
1.5971066433386294 3.5610685044270385 1
2.8220855634792463 7.814741980869821 1
0.44780321720962246 6.538953852088775 -1
1.1281318804306384 4.453310581342231 1
1.5132732044044273 4.938624292467912 1
8.547410725629572 6.960852655943857 -1
7.801316203651894 1.1854137442461143 -1
5.972880408581133 0.9604714025679428 -1
5.48725947800396 8.746729977103637 1
2.0899982303703024 1.7697633333826313 -1
2.676849747358332 8.501267741074313 -1
8.079270145111163 3.5844340759390194 1
9.753043058297967 1.3148398047462684 -1
3.5027779039740317 0.8492357508305781 -1
6.933032354330867 4.081377875248011 1
9.59400447442649 9.56422302981029 -1
9.43641593106736 1.2839648054598918 -1
2.983703953562038 5.4409366483241675 1
0.7468054114844713 6.381796168344858 -1
1.2529435406328238 4.366211666243162 1
7.374551085422719 8.432622644343272 -1
5.503261430516614 2.5420178533118976 1
5.747975825215611 6.150822208730783 1
9.772446771127687 3.665459544886355 -1
2.3084123607891174 2.110778538151462 1
2.4653785379721316 3.4021277315687017 1
8.503254014283378 5.972263472508415 1
9.745783948471212 8.185338209155077 -1
0.7732757071858476 3.226257210624144 -1
1.2479209646686884 9.008904646587752 -1
1.80307476664188 4.500069461683291 1
6.212673889839609 0.5025527520641371 -1
4.514862694248948 6.747662422176837 1
8.550073665995724 4.119902639396232 1
4.5252236825505365 2.155113762818827 1
3.06887524392782 8.402970770893871 1
0.7377741293180018 8.649621564681645 -1
7.099717532824901 7.991411387020307 1
8.388018267145474 8.012885864202232 -1
0.683836764934106 7.677747418094889 -1
7.046369434140692 1.0945445156631173 -1
6.876486026131659 9.907644922178703 -1
5.467366999496395 5.4509820804986875 1
0.6394394624314736 0.15532270812082527 -1
0.6772840367782662 5.953951837525162 -1
8.848943677612617 5.461369852072012 1
7.753138112828861 9.517281852638943 -1
4.388879902873808 3.8123353321315703 1
3.3445441881883884 2.7476894148791517 1
9.776058449068298 4.316657236787758 -1
0.8924991335217458 6.178585380759808 -1
1.7832728250536067 7.369094924228815 1
7.237976842738995 9.306033139005343 -1
9.07099825576264 4.9350483820870945 -1
8.93467454695797 9.506264200255641 -1
5.13770632306647 6.599941291370705 1
4.459374529615388 1.241984971659017 1
3.791690524122492 7.763706894410212 1
2.163714994462167 7.316367145958235 1
1.0618504348153412 8.524955405848905 -1
7.939317568045857 0.4114371640662906 -1
6.896361967803144 7.455504866404246 1
1.6908203497706187 4.780145536833931 1
7.8402299306486265 6.178718097940289 1
8.152625283779937 6.688699607543045 1
5.900223334699516 7.933790831683947 1
0.07946980374750723 0.8294296863633666 -1
4.642674586480049 5.065004660444825 1
0.8942246864837144 8.922724699043684 -1
9.615469696720213 9.035713599251645 -1
8.38204103169389 6.760855714216207 1
9.140430008607296 5.6748156239528456 -1
5.509684082582348 4.836432864267902 1
3.223734793964921 7.1902988943548 1
8.185211529637549 1.4475010030729552 -1
1.4117590732780017 0.20047574358777243 -1
1.8817691522403124 4.624661505038467 1
3.404376796014411 5.902157152241561 1
5.027665893525874 9.833050158061802 -1
2.019061219406233 9.637122141496443 -1
7.4974628699889045 1.3807382585866457 -1
2.0695006004654912 2.734066782222464 1
3.8995095542037337 5.6544893240868515 1
7.680565565853433 8.389376643393057 -1
9.150132508969442 9.780000771354276 -1
0.5656801131916023 9.847141284353079 -1
0.07516266011984518 2.0833439719426714 -1
8.895771490813239 2.6908889674598613 -1
6.4505347891255616 2.581836765731448 1
6.432732189478151 5.525641349509932 1
7.150589886099194 0.9017255232033883 -1
2.8211521782873428 9.542365903403558 -1
5.4708320253526965 6.744264592641869 1
7.285498035753038 2.336584504563921 1
4.648006561295026 8.438082658159425 1
5.005650519381217 0.954541421102435 -1
6.5875175607131 7.2038272545042314 1
8.685846300596706 3.8432931697854333 1
5.08270959816259 6.045073505426942 1
9.797377227224414 1.8337144049639476 -1
3.6187913923599413 6.223064940144819 1
4.779786396841804 7.621972662085193 1
1.6676357631294225 0.19016739589573284 -1
4.048920758336645 3.2674031733213704 1
7.931590192902931 6.741640957063387 1
3.0827224043739045 3.3518130731819573 1
3.5997502796702365 5.89114246585811 1
5.664115357438608 2.028240080476359 1
0.06748214728557689 5.107349201760582 -1
4.942082453316024 6.202492292840081 1
0.5585435358385249 9.135798200892761 -1
0.693850054554247 2.522686281745706 -1
1.0054447371307829 4.8869260982446185 1
6.660487130892612 3.399597524039235 1
4.189196179420572 1.7581484992096486 1
4.084492810268296 3.3517541647752958 1
2.483253920528968 6.011177309529762 1
8.144679962235172 6.632248531977726 1
7.9208574123191635 3.299110211835994 1
0.1613728379145063 8.71513286830279 -1
0.3895204829778409 1.1679630242478223 -1
3.1657383828650087 7.13559930397342 1
2.43872936305519 7.797308689806947 1
0.3955238213700296 2.3190013171198762 -1
1.8175411546248965 1.9271595003597186 -1
0.3836897458568467 6.5983875248555055 -1
8.704357040211114 5.005774674410785 1
1.6088971982373435 6.3442093293341495 1
1.4547596714046396 7.160579330636613 -1
2.6389874162406324 5.897822025852753 1
6.154928645006148 8.239939357943184 1
9.548209077667563 5.813306449791629 -1
6.430143737923193 5.28846749680878 1
4.416718547020379 8.05380100311939 1
5.101447798488357 6.174771373223149 1
4.336297710572254 2.7931512282031266 1
1.8953986754315588 4.384197701187072 1
4.350061370830009 5.253905066648206 1
8.593327248296122 7.074258219471815 -1
0.8557791918089197 8.683366509257342 -1
0.5521318130737463 6.640995869900355 -1
5.232579134913905 0.47931216485010086 -1
2.987657239890628 9.78619220720389 -1
5.388060063520532 9.227253400590588 -1
5.382903171663038 9.886843671227533 -1
0.5369816073346756 1.5286805089634603 -1
0.5782119708960554 8.240927003093736 -1
5.849222626486767 7.770504172582059 1
8.944029830565011 9.761019716693987 -1
4.212622395536752 6.124708789839229 1
6.416052809477382 1.52577857983076 1
3.138981991912769 8.049201836921094 1
0.7013969858901481 1.697643857196356 -1
1.6005964790124305 1.0875409099367417 -1
2.0130649832681016 4.975407429794156 1
8.934784810171104 7.47984603884392 -1
2.262417914773618 2.5202321386095763 1
2.5147241408197374 7.871478842755587 1
3.895941674607919 4.684224620945454 1
5.175960599780604 5.596594773834754 1
0.48676636408552576 0.4232979539642068 -1
8.561971692747212 1.0065155684662486 -1
7.046778627456396 8.814257024620616 -1
7.381678546301909 0.432306732556077 -1
0.19129304161642047 9.722344341103934 -1
8.209544383286161 6.976615520951144 1
9.89630913502603 1.9360869124282498 -1
2.629573074383569 4.186017641258584 1
6.275936707595858 3.8973157048970664 1
7.3329657523492875 8.12918742781112 1
8.366652430181663 3.4625606941218767 1
0.8028513463889464 4.925319769372278 -1
1.6975601395106799 0.49597133091759726 -1
0.9931828484390104 2.595325756577236 -1
1.6796473327046213 7.92535468938657 -1
2.421486480453874 6.310636455827523 1
7.576336752771979 1.430076559243647 -1
0.14070979607470724 7.337834217717467 -1
7.671212134389566 0.8098358506374481 -1
7.9898968266116395 1.778326854426504 -1
3.730954047139299 1.4678866836136195 1
8.008063561320713 0.9502504675219603 -1
2.748654613010666 8.856074040017 -1
4.357594615511681 9.580730369802495 -1
3.390433084340576 8.497241300959512 1
2.3723817302934824 1.0835525018857062 -1
5.209097307688726 7.622284377984647 1
1.2903112055240218 0.33609796360612676 -1
4.429186111357132 6.334692576327744 1
7.7700773371750484 9.383419767722692 -1
0.10229186309839045 0.790096172399376 -1
1.747301909776996 0.14630744872045298 -1
0.35173684041600595 4.803814645073037 -1
6.678439292330879 3.1625610689704198 1
7.660514434123248 7.741248987070315 1
8.591943834476496 7.00989932217031 -1
9.240451872655536 0.03669731625453365 -1
5.668332410589537 0.07973770305373495 -1
2.8098328905844907 1.0160280362160878 -1
5.477101868646283 7.125658534996227 1
8.7189097444352 9.448218288115156 -1
2.6981862791997813 6.453507147173619 1
7.33885764984069 1.1093418807263644 -1
3.7407599016379045 1.0564150674602768 -1
1.5065950287117014 2.771694751395911 -1
0.19727811820086538 1.8676276050273988 -1
2.1697497591499673 0.8038259931034908 -1
7.03644068176379 5.555588189696544 1
2.960113204837472 2.3670506339035544 1
3.6742924755999895 9.893120776322547 -1
6.072472738286946 0.38807918144135645 -1
3.681066357735868 0.8557304037929603 -1
4.993958428204329 7.474012678690963 1
2.7023012483336926 6.591420406079217 1
3.2483285619635294 2.315591869475586 1
1.365110207834439 1.4167327173498823 -1
2.7730698994770675 0.3369724496718718 -1
2.165062004622904 0.7262646675352946 -1
0.6451719058775851 3.1223653844193833 -1
3.8161026034051404 2.725401589302081 1
7.5457189389293795 2.131005130032783 1
7.498030054830606 7.43239884584182 1
6.248851848936699 3.7639423456887986 1
5.585656536977506 9.696008455795992 -1
3.578619379775928 4.6754189477282635 1
2.570919220372161 8.527470174416173 -1
5.543692097446222 8.831604544031702 1
3.8781965378304672 6.402929732854902 1
8.16556531605668 8.766397924869064 -1
5.280769334085733 0.8267628748166822 -1
9.690030523435945 5.376605779464444 -1
0.15560554450295694 2.756110087743023 -1
6.3896106011917855 7.956962324504449 1
0.395596218669958 2.3578032417343806 -1
6.178303237587493 2.197520149407881 1
0.6988813362218937 2.4836899300498128 -1
1.6745374675226476 4.695895482767888 1
6.216451806158753 2.8118791653777544 1
2.7409552592482864 8.561386895872229 -1
2.1550714833083715 8.549019708817884 -1
3.978632268522717 6.678592677181063 1
7.67260968434187 2.8947012055026344 1
1.2939039245982764 3.1865371355687646 -1
2.333475780521339 2.2424124307101376 1
1.0866057336349644 1.398213243006463 -1
8.281060606349854 6.713727605169765 1
4.139264768718559 0.1262637843448844 -1
3.278747996511812 2.4367953044042148 1
1.761432233464727 1.8902536053478536 -1
3.659557412073581 0.3478985544567914 -1
2.9966101175266857 0.12696748917141232 -1
6.548394146477772 3.287508398184328 1
4.247734444040228 5.995596456275688 1
3.8417748408603716 5.2319771795130245 1
0.24080286339766 2.077368283975348 -1
2.3219106896786568 0.7178395395579551 -1
3.3082111700748906 0.32901413104741817 -1
4.1862309040088554 6.927912788981417 1
0.0906915391436991 8.447939255160522 -1
4.163554578666791 8.68527930576154 1
5.968302409732038 0.5421462819743095 -1
4.107768186401478 2.6504558491091155 1
0.20028273587876955 6.465717106522781 -1
2.133230535859977 6.125665351470202 1
0.24904581279196036 2.129205199147398 -1
5.263256597952237 1.1939330817283622 1
5.948958262924764 6.378489441858298 1
8.264745961823042 3.866269735561252 1
9.749852341350886 9.356546168983252 -1
2.6128763402175013 5.031981496065553 1
8.556706807230139 5.1952777666514205 1
2.9168283666264005 6.8441208830166875 1
3.0506185318564514 5.959019113899224 1
0.9074000346263 1.1554436300760351 -1
8.256111853086542 3.037586594174094 1
4.675715854359934 3.6430803270939793 1
9.287312216403475 2.8786359006126494 -1
1.3085187679233967 3.081261048678824 -1
4.293323594242593 4.752886475312776 1
3.3573556838707663 1.6394940419070836 1
6.1365319570650145 3.224285678578178 1
7.6346939169262695 8.560101421177983 -1
3.561130311276852 9.052238343866057 -1
8.004956895176653 1.6223022110443497 -1
4.602003567537794 2.4488712293559356 1
4.820508507435386 0.9834159091783268 -1
6.319610205815966 6.530662241942357 1
5.534896011734848 1.1122883391457916 1
6.898849934786218 5.686341191839502 1
4.626818434180673 4.833162584952204 1
7.646200378972775 0.7808062650649938 -1
7.851769769592187 7.866198015482748 -1
0.3253696266635364 4.164615492863524 -1
2.108958534549461 5.565505741426793 1
5.080146162994365 7.486564892398264 1
1.989383959770219 5.182595629022049 1
2.8193302052900227 0.012657586754254435 -1
6.536186754779108 2.2254108383388402 1
2.6087609119874755 0.8467783672891016 -1
3.666993028352692 1.9040770960363929 1
5.518428841086093 1.4989627293692454 1
5.091166397952439 4.574166161344388 1
5.381209730157518 2.6143281920659134 1
1.1884454969362501 4.874562129157143 1
5.492888821838353 5.120038926332883 1
6.84576286974811 6.583031319554545 1
0.8997386503104909 6.838599836713919 -1
4.480406740060868 2.379259532999387 1
9.771211165834396 5.697575059664963 -1
4.505992015556609 9.705053392315307 -1
9.601586399783917 2.005545308030131 -1
6.186988784126262 1.3076720350886994 1
9.131266477747294 4.419846747722296 -1
9.944544161994154 5.1723537621243985 -1
8.626782840166454 8.777946048265306 -1
3.72555532072006 3.2207123257651196 1
9.606775132200665 8.501130923508356 -1
8.69130107290085 7.532923702905095 -1
0.2764004584642388 7.096786169957888 -1
3.04433422300209 0.5396977085920918 -1
8.284856171269054 5.741401802148742 1
2.3598070610560096 0.48395468820739196 -1
7.390886936255411 4.37063049900286 1
5.858455406598166 1.70414168499878 1
3.127196829091571 6.628868729803052 1
6.62580480845466 7.62954834269459 1
2.3453791605386645 8.264955251701075 -1
3.6145267710985274 2.917389017149704 1
9.663991468653851 0.1835562509415578 -1
4.939309399483875 2.930042567167642 1
7.784908195841847 7.226905985365407 1
5.585638721390929 1.2981886167479295 1
0.6715660848774163 6.139506363775897 -1
9.654130340570438 2.00718195862555 -1
1.044632042737862 9.234501863548552 -1
8.752647008263143 6.862099577574359 -1
2.755784554999956 0.5438759134150117 -1
7.646615114331277 7.49005137755222 1
4.077979927009428 8.593104957360989 1
2.0153517802837353 0.09158616126252128 -1
2.0151264832050964 7.554063665424944 1
1.0764972829518449 2.4189420253291836 -1
6.050228749531642 8.212130373470863 1
4.587096445722914 3.630224135369562 1
3.0112420207093384 7.340102881679251 1
3.198195690352544 9.797986740307937 -1
1.0994990444392438 8.435886125421227 -1
2.702132744944845 3.402302507472429 1
4.785293736701622 4.563569465051531 1
2.0854412227783747 0.43794322385786066 -1
7.381893265980121 8.85582095818499 -1
2.053344198828342 4.240697162475286 1
2.4828128916592416 2.286722691832608 1
9.263300553420681 6.148458662776467 -1
6.088673391336792 2.8934836844361724 1
6.96352421795609 1.090662678184362 -1
3.3968626124285817 3.4479761305394896 1
9.967317278349086 0.23636780755297515 -1
6.779584968036394 0.10282204505517867 -1
6.259066223238685 9.410258001784733 -1
5.939832050759395 5.901747642354474 1
9.478875877361485 6.185312924578696 -1
6.05734956224094 8.413283158197398 1
0.1971288113369507 2.6708049320828264 -1
9.150575085495875 4.628007286103469 -1
1.7442401919914596 7.172508570010009 1
3.3099791533876854 9.082573463534395 -1
2.944014494901974 1.8611254787810427 1
1.3927683587684747 9.399413937710893 -1
7.932512006766558 7.799494520177726 -1
2.734986487116525 2.7241979326819212 1
9.34213354687415 8.211234514005612 -1
1.7204449657801524 0.89644353372896 -1
5.653619669327111 3.9754985663198084 1
1.2519644395812124 7.137365616871759 -1
3.676822075608327 4.955940664410463 1
6.360229783408816 3.9594567235037594 1
0.7823554596893412 6.078594475855208 -1
0.8403087089474337 5.477461531207202 -1
1.7281769148317627 7.242030589237767 1
0.5535180988919941 5.728295234338398 -1
0.5514872158268946 6.339150271267593 -1
7.284458444674997 4.7673896299355265 1
1.193120966053871 4.370346307593235 1
5.651362397562245 8.008775141114144 1
8.57603264661636 6.411980351081691 1
1.1160205127599976 1.1031289193772997 -1
7.42097298583799 5.383543287857683 1
8.809488782154363 3.063800740319045 -1
1.6750372661237056 7.78084045856426 -1
7.059883058751759 9.774271625812128 -1
4.581484623865913 0.4833891776544996 -1
3.4552263094323346 2.705611821644056 1
3.1032080881563697 3.2599069980070206 1
8.874169965375414 7.3440932345444265 -1
3.683266822638578 5.119025073127147 1
8.20998351364677 2.680344338608106 1
3.6455087427769173 7.780025331675004 1
2.188904344196063 2.702275814105677 1
9.650918935015333 2.3070570617050024 -1
7.00349425753582 3.2397771612534476 1
4.630102651291075 1.6730795997255699 1
3.76259514543108 9.317568711593944 -1
4.811653682849123 3.187735402581012 1
1.5237489842169916 9.38572313605401 -1
9.535927314702777 9.056263266611106 -1
9.585417339761612 4.121514720648874 -1
3.620852989847496 8.802273013513023 -1
9.314252589306129 1.0346791351798534 -1
5.007623584145437 1.2224001116859473 1
7.801393295546573 7.682314266352977 1
0.6287971527406555 1.8256860522463692 -1
8.99459850148446 7.215089209025818 -1
1.8990332911094077 2.1061558122012825 -1
4.412782924482512 9.55287581677113 -1
8.290046974060127 0.7504881085460158 -1
1.40400962050098 2.7143724084309118 -1
7.064837693990347 7.612559278274955 1
8.269072289107056 7.621669769750924 -1
8.179742827563544 8.82045007206091 -1
3.7815731009907596 7.279917517489166 1
1.2312882669853131 8.698160927151767 -1
7.914722922708483 8.720783005921533 -1
7.304415368993492 9.774385782088943 -1
2.494115952322631 5.270022457870907 1
2.5817884268613165 3.296516554839487 1
6.578104784962217 5.697910730354633 1
7.419776937222929 0.4405651363987473 -1
1.812010877179303 2.4396874362433376 -1
4.636051055859611 1.9300983814737604 1
7.1480747941210385 5.3495274020286265 1
3.9094528845882093 4.723598679301619 1
3.0255894535100714 4.593875812365181 1
0.8765041231882353 6.145459514270581 -1
8.899345911396313 8.585872264400372 -1
8.840329567038536 6.443328642891051 -1
7.1094629342033775 8.16708238816563 1
0.3210971642306393 1.5813462196814898 -1
4.695418378465746 8.876742603847688 1
3.7390020548505642 4.187469813742043 1
5.743336722336551 1.4496801263229908 1
6.7736696318013925 0.42822155913902815 -1
2.257371958336144 5.891898072346489 1
5.276891624475414 8.421636647843357 1
2.742158571235257 6.927430223154172 1
0.8784568864850328 6.690924660202933 -1
4.9235708242707545 7.073753659515609 1
5.842087071629782 2.418436484375006 1
7.358349303305086 8.679693228721677 -1
9.069682697551507 2.046602628151266 -1
8.57762475840808 1.4523978358420109 -1
7.692616560899443 8.498429584761421 -1
6.350214533417814 7.005333372211328 1
4.716975321457971 3.560210822566463 1
2.848453032968293 7.156189474156843 1
4.841480755310968 2.8271695350981108 1
9.381303355170107 3.263275205575864 -1
5.545187369845458 2.2538601830065574 1
7.41290802301502 2.2519212890635396 1
4.684459901989333 9.929946893507749 -1
6.3735616978828 6.066496300223298 1
2.984006130950995 1.8059858418488295 1
3.858158406538812 4.047983330797512 1
8.661875440612349 1.2141372242830417 -1
3.650561727377708 4.837188573211323 1
5.833432231726375 1.7869917905156518 1
9.192521211179066 6.548142988478683 -1
3.805406756666172 3.01447561717609 1
9.856855873462283 8.572905935137857 -1
4.254331175037722 7.29808822048819 1
2.613909445151622 5.377368409877778 1
3.8526137087999226 0.5929635282400247 -1
7.1737133796035035 0.981507859430667 -1
3.657187543683278 8.346019644148635 1
0.5884218000277708 6.467502634282693 -1
2.973463084700164 2.40980540360093 1
5.052204024700087 2.34217998227511 1
4.15487184330261 7.164102146212512 1
4.773828979156024 6.532423089690865 1
4.788916627280492 1.6875813887012558 1
1.7217099836160632 1.9332409446469556 -1
1.769196549421277 2.4055983577243967 -1
2.7124877935149003 7.924217479557624 1
7.237391112246643 6.206114787063807 1
1.4054883439330346 6.655601701327678 1
3.138117389437526 7.8304814408418775 1
2.1335603265142575 5.569992516905007 1
9.13230654552753 9.464372772545955 -1
7.381894032172606 2.379223484628917 1
7.9510758905868375 9.558932128916403 -1
6.588378828367553 4.611709950306324 1
5.041685099880105 0.4343593452133987 -1
0.9722684505974111 6.87649934158487 -1
2.2282056350264288 2.175967419203395 1
9.844962514376816 2.315487019922753 -1
3.9923361250073883 8.277021156862629 1
2.248147965129199 1.1367573074494375 -1
6.522886473792505 9.926657738641278 -1
0.1650919264387818 7.691518627899128 -1
0.7291065234851724 7.768107100187382 -1
7.926220664840465 9.211868494398253 -1
5.503848382791299 0.39961158380963036 -1
7.4078701412558114 6.543178704082666 1
6.134681421865795 4.289140573576074 1
8.09096498382405 6.479056184619934 1
5.710297478856098 3.8434359486166656 1
3.9112285222339116 4.109909667403306 1
8.955614046371519 1.064898061512477 -1
9.840533251231491 0.4597267714896114 -1
8.494480509378132 2.216779393801953 -1
2.7176046652974772 5.129038788002745 1
9.785211527781813 2.514063828764245 -1
1.9282633086227408 9.347363970922979 -1
4.333873972354541 9.70851214894884 -1
2.492476282869979 1.5055166503369344 -1
8.92125571121134 0.08379751416847325 -1
6.567529058950362 2.2581490540591656 1
7.4698911720298735 3.3679196470976667 1
5.2899789501937 2.6964716995131663 1
9.835420887188187 8.060978354398692 -1
0.5121889729187346 4.827217829924977 -1
1.7606131292842753 1.7759605334108841 -1
0.4875652029871991 8.909401077498721 -1
3.9040786937583114 0.9546770968196217 -1
9.834511310168551 1.6771390007314946 -1
1.1288265573094824 5.727852807010696 1
8.397456618660346 3.6469741813745307 1
5.077308733225302 6.556368779066487 1
6.195979310767723 5.496071274881071 1
1.1819996115997888 6.467614814550037 -1
0.184039389742644 8.635674321343911 -1
3.074456469667697 5.663697873729644 1
7.211891168333025 9.568689935591873 -1
5.808991431743438 1.170408200646822 1
7.767363389456464 3.2505922088408736 1
0.005760463612684008 2.2067909982744407 -1
8.262858990804228 7.121479925885058 1
5.6186322728625635 0.530013183836674 -1
2.586459798383811 1.3253562578491562 -1
4.336514558490752 2.3549674603529414 1
9.164510157620793 2.9052296571622493 -1
4.917952162721909 1.4572999868051206 1
0.433074189129774 6.397567165275896 -1
5.303757341284073 3.4086408635220056 1
1.7360138352596088 5.067471830418273 1
7.37261128945342 8.53021966181094 -1
7.831328040938165 4.366847122998885 1
7.5919709420962045 1.3448941848852458 -1
4.065419444209297 3.035359904387956 1
8.865973478538162 4.03541364712731 1
3.667497874153524 9.811589119456123 -1
1.7804546982642044 3.7375097061503357 1
2.4390154127464103 6.043031363979818 1
2.062255075756114 8.546061779898249 -1
7.197757424518363 9.99309672102778 -1
7.670438022391458 8.107196373846268 -1
4.000028566837034 6.941120062294513 1
4.489352780677628 9.80738414064134 -1
2.058169464944104 4.028040820387043 1
1.2495753633742424 5.192223760247295 1
9.562702712718808 9.315905591960538 -1
7.314826159588406 7.454987909322028 1
1.0886099192453624 6.160583439269351 -1
4.295324237560131 6.828454228613108 1
6.088249158136691 9.506378241293385 -1
0.09174037383863909 1.2690321560632856 -1
6.791455705015094 3.8838288934624607 1
3.251711793846741 5.1739570770590895 1
1.1477906341234956 6.124876723453706 -1
7.879742585660775 0.08936169375162062 -1
6.6293734792022585 7.591320952147774 1
1.2429578096399119 3.157759848157251 -1
9.811989655184513 4.4961426841366645 -1
5.860856249916812 4.415512222121928 1
9.242219532172255 6.1456428122476 -1
0.5265297821905379 0.8016683632442867 -1
5.667276982876119 6.491003628139382 1
7.120728806108741 2.9334655401907037 1
9.451679167770159 7.7472425078733735 -1
9.224494479555283 2.050631509311863 -1
0.9206435009892278 1.0723714877913526 -1
1.1001627588375773 7.342098546011942 -1
8.49972139076992 0.4113180799641136 -1
3.142518031140553 3.2343897968622057 1
9.157079037379122 2.312817954349149 -1
7.202706301071865 9.406273103053733 -1
4.302158428366498 9.318464176153155 -1
5.894088094399774 3.481681194340589 1
8.836587427810974 3.816469627175707 -1
6.653033003821709 8.79041727164293 -1
8.792555912557624 5.1862829636589955 1
2.674253384396197 3.183983315707782 1
4.69397404608949 4.557817619180459 1
8.713661029604962 7.2306860387489404 -1
9.537265502333446 9.69466988842916 -1
5.973598368193992 9.140485472628185 -1
3.8028912084122526 9.0244755279667 -1
0.7610200523586785 0.2116403672836209 -1
5.661542125800896 0.9691099952392479 -1
9.430928116079217 7.0580870678740135 -1
7.184949084873406 3.0413571763084644 1
8.38711177834065 4.164973827313792 1
2.162741836930191 5.199987303858461 1
2.364148437955216 7.630234799115269 1
2.350083879404281 5.91539599226911 1
6.800036881462486 7.222392987617036 1
1.080832134989187 3.113136035164117 -1
0.8239458592295512 8.093076232346654 -1
7.418190694713277 6.815143317291743 1
3.9305426022286785 1.2421076472282666 1
2.652439767967879 5.935730869089724 1
3.9588332874639622 8.55688674726487 1
3.1668370506449985 4.07681898093479 1
3.626553696721401 6.567843209109291 1
5.099513141306517 5.261837715816464 1
3.2360231472639835 0.2826750618681739 -1
4.7788973029764 1.5399562339487005 1
9.819223093217582 8.289160834122386 -1
4.8972361332784375 0.6075455628157767 -1
5.188028294935705 4.848954259085291 1
0.6544530023701212 8.546309458704446 -1
5.531859069069277 0.7676514682082036 -1
8.461428992623281 2.6338208727227697 -1
1.6263674947201179 1.5439825922384642 -1
1.832465145316594 7.169669287113166 1
9.185714543563746 0.7950320918088172 -1
5.956265190121411 5.3266102105611965 1
0.9961461610107769 7.676759418164966 -1
0.32124742361525405 3.873465163338402 -1
6.653818099525526 9.736699424422943 -1
8.757245130617106 4.411591136278382 1
0.9641683385588673 8.131995189683273 -1
8.734246042546895 3.898553050994864 1
1.6697945304272899 7.112119517897996 1
9.389012351460579 3.4988640480250965 -1
5.464032016654999 2.549745849502909 1
6.969500091632895 1.584800010685048 1
4.1891245689420975 3.6752895390205307 1
0.30144322853525307 5.731520270061392 -1
3.356762931419838 6.033657861387964 1
8.051199199089824 1.625686166492566 -1
7.442632347896114 9.226482040023079 -1
6.129268773553971 3.0193815067169503 1
4.556295313176049 9.214356470024113 -1
2.445072418255272 7.547865462658827 1
9.580429175063434 0.23577065073022596 -1
8.650795848653308 9.705926093057556 -1
9.064615883214918 4.37897014922587 -1
9.027271586793496 1.290459768106208 -1
2.4710234438317977 5.392285855410089 1
3.9378842284478144 7.756753384019097 1
6.896596297202104 7.506280309065549 1
6.0865782269157105 9.23440091063487 -1
8.925786898310857 4.014248000048701 -1
7.1902649452102505 8.587811224181012 -1
6.716566872009087 4.079703149573857 1
2.988957013071152 3.518698708738385 1
0.28184441084302403 1.2569080784613418 -1
9.260018940094936 1.7617276968402529 -1
3.341650059684551 7.16600365047001 1
3.9913439023343953 5.4230114055378085 1
5.079165063144211 6.277846887779207 1
5.204811173758722 3.578224591589738 1
1.5455677618595842 8.025578887292376 -1
9.095296107037646 8.846189097760199 -1
3.3782722974584756 5.70850377401313 1
0.9237049861687507 4.378911469682269 -1
8.881693448811578 7.217942124104065 -1
3.1703369405164183 9.867252194505662 -1
5.253832189410942 2.392921283598697 1
6.852792710794475 9.593791660780765 -1
6.696083228595944 7.316560818842024 1
5.292149365515498 1.1635767771482197 1
5.0201556762094 9.735787214415868 -1
6.4950842059299845 7.89189205383315 1
8.776633155632371 2.0536204579687913 -1
0.41237077707660164 9.662463485577339 -1
7.933975886358734 6.850149706176223 1
2.0376003230863793 4.372080606756842 1
5.9665474159206875 4.599518519526216 1
6.268017583744324 5.474724518164171 1
2.019433608406697 8.013435740291667 -1
6.6317294744713475 6.946577341622716 1
6.455961793697432 5.6873508524745064 1
6.147775037186202 8.529822954917568 1
5.9189456125490905 4.814276086020877 1
8.306248879955799 6.319947140619098 1
2.5767670885978324 1.0403253754187902 -1
4.393968861108135 1.644382991048936 1
9.479489146389481 9.298744945306025 -1
0.560582848789356 6.3318666203078 -1
8.88660048420193 6.916791531846229 -1
3.987856372464104 0.785955643523526 -1
3.020479562909487 1.8948418061904249 1
8.30420884184223 4.7905029634809635 1
3.1127500698063635 5.44708242138371 1
9.718625869762828 6.0180334152491985 -1
6.1151031801077185 2.7621843734351073 1
1.476290418518016 1.811296734040052 -1
8.108562945624055 9.405848801672368 -1
3.334953951063123 1.1247871333379056 -1
1.5474672752791085 4.739829091763607 1
1.9745080304738771 3.008260722914623 1
7.992948540077029 3.5353540198601707 1
2.590173641395086 0.7897933767156928 -1
9.705680232198501 0.6146248653217434 -1
1.7844552516367584 4.6359304828439445 1
8.984725510906802 2.9569842845161833 -1
4.703668827914904 6.502954364798735 1
0.5169926128223135 5.618103384329212 -1
8.57325884228326 8.548018694603323 -1
0.9821996892217633 8.768875024559764 -1
3.8129331163243863 8.70669056401791 1
1.2591044611588942 6.20726192762293 1
3.3437677485270054 6.1997507098942 1
5.2257772165907 9.5665901147019 -1
2.9388449238045022 4.081852407279005 1
4.8771964582011185 8.123185567967527 1
2.132517534374019 1.314156974175208 -1
9.695297993573533 1.687955284130025 -1
1.5434376920019643 4.878077172174397 1
1.5886586735301922 5.150046118790261 1
3.9999302937959627 1.2223150494743151 1
3.9851274165294126 6.651980018179114 1
3.1370358233091777 6.481491342063213 1
9.802605114726822 7.971748311078683 -1
4.772474983936251 1.1131674057461671 1
3.4577067580313248 0.7365164686819781 -1
2.172797343294798 2.6292444130975747 1
7.6409327917591785 9.929404211714212 -1
3.868838302344403 7.770645123124531 1
6.396818365169439 7.491763982725949 1
3.765097122459032 8.658117276327152 1
7.635293763675347 2.8999620553108096 1
9.623336322278483 7.3312855946793825 -1
4.87392001646195 9.170579870906653 -1
7.5395358496264775 1.5834460535661388 -1
3.529279544861631 3.394460450517316 1
1.476195847562456 9.572170018450452 -1
5.445516889402859 3.5657534082209796 1
0.03741613272517541 1.94361510937332 -1
4.762436939977542 1.5177818475109117 1
3.2422371192309107 5.318887303665328 1
9.680070333213068 6.939327194609179 -1
3.4427335978336093 1.9717595055223502 1
5.133247291628163 7.128517070929786 1
4.163247320294298 2.517445249162138 1
5.954742820189925 6.62967017163476 1
6.97326265619127 6.7645674932553135 1
4.699318536299456 4.103402491334833 1
5.139602107201306 9.386342587769544 -1
3.875566899936155 0.23379260681742342 -1
9.974807010160788 3.1570080586743354 -1
1.1118475841129838 1.9262761719565324 -1
7.808933347975148 2.3306681612174973 1
3.1505988251281125 8.552179815823926 -1
2.9038236895999656 4.0188445349306985 1
8.854005145102054 1.9953588795942312 -1
8.574044968617509 6.4852810743499 1
4.409087385965479 7.456846124837285 1
4.020606766838171 2.2941412576401676 1
4.926751333716336 5.4648415507428725 1
0.3193105338120983 1.711162414178885 -1
1.4096211393441005 2.4190779769414306 -1
9.004811577061751 0.2720882848280681 -1
7.865246129179599 0.46709821050031186 -1
9.522166178031664 8.52283763936995 -1
8.218413959874498 1.6604542242841214 -1
9.038931933656581 4.949789638861578 -1
3.874712236987129 3.0158069262083744 1
3.363097857754539 7.239171972200729 1
8.333215684603415 7.377473021596486 -1
1.61978983495778 3.2424492056581955 1
0.2746007759621405 3.9936591594438573 -1
1.31128790022492 0.41263108861881004 -1
0.8867476748086511 9.063040064484047 -1
2.3117024682928076 1.5317013991225348 -1
4.5142529251993935 1.0409635397400785 1
7.425083412265476 3.418352452857939 1
2.158323946700343 1.1091176467062769 -1
7.053837521442757 2.4460601513569125 1
0.6795993923545074 1.3047785369041498 -1
3.9068818031725794 5.530371399461812 1
3.5791397047324547 4.851983746244181 1
8.964393376441516 8.88638544995533 -1
2.5664012389619737 0.09110085421932479 -1
0.07011663518961875 3.775792306601878 -1
5.711860896081864 5.665048829500156 1
6.440532779049628 2.204507488600349 1
5.447846485802234 9.237136845781079 -1
7.715887810586034 7.856541733120715 1
2.193700767015697 6.956202658591502 1
0.9472597899342072 2.0935628481367363 -1
6.495447623336998 5.799775524636079 1
7.4824476563260784 0.836129367598698 -1
4.040739162466237 5.379251158364235 1
8.394331253340814 4.9689276121623225 1
0.034027351208288925 0.6946952412099172 -1
6.840802069192245 2.0145142164296024 1
1.202573185319754 0.7895774575808412 -1
7.891178950657984 1.7589623410114696 -1
4.455447754729223 9.164673729140052 -1
1.1738414144528053 9.265747443215599 -1
7.00979924979182 3.8352859011957485 1
5.617744326064753 8.174838056174861 1
3.3566787184723754 9.01486683665211 -1
9.87675348884962 6.516789009359578 -1
7.342182416884759 5.640519294583135 1
1.0716845492558313 2.735784485151812 -1
4.563610813581381 4.79148569126494 1
5.648956546662748 2.2129542896064303 1
2.503253321532579 7.317680938222068 1
4.805714565281236 9.541449921582041 -1
3.543312672154503 8.481044140790479 1
9.862794863462863 8.205922415367414 -1
2.9984645379030264 7.342818734375155 1
1.3789254358330194 0.6054498584331625 -1
7.319295252666887 8.391518478637655 -1
3.6111097228395272 9.00811862703755 -1
2.4210309797243514 4.034827390551573 1
7.009062975209565 8.342171569282117 1
0.8099548719787419 4.549962281635731 -1
5.134608487147822 8.483853740733851 1
1.3039642975174426 1.7744537209529754 -1
7.508121373352372 6.013538222878817 1
4.473141328241006 5.438332035840774 1
4.276568131180372 3.1052773110653495 1
1.3256854040508903 4.968840579454982 1
1.0957418416183629 8.449297385033237 -1
0.7773598955742966 8.98634060615501 -1
9.44089351512649 3.226384201883099 -1
1.9887460136619595 0.05834191345599482 -1
2.006155876675332 1.607038444261767 -1
1.2938089597323565 6.785686373370052 -1
3.079012694171471 0.14756225218250374 -1
1.4188457227955642 1.7260267795781548 -1
0.040592826290907214 9.358287632065599 -1
5.343306674156414 5.501471485494794 1
1.954120059929756 2.202078291129057 -1
5.621920519154169 0.2879416552587266 -1
8.248928272642473 7.965526440656642 -1
4.6744302076733035 2.257291968884333 1
7.367984719461865 6.928503086336787 1
1.8997259680089895 5.920530362742808 1
6.5786669947418766 0.6801063296208065 -1
6.134162751344972 2.5930230136870804 1
0.3971055108972332 1.5827876297861077 -1
2.2185471548976543 3.096747904285712 1
0.5640620431292065 3.334414605239685 -1
3.8622529842781694 0.16309728262397405 -1
9.973690346240684 9.642518267947231 -1
0.5048762306068288 7.753281354630992 -1
0.9516363145285112 6.839360410511252 -1
7.6438670017105315 6.799129816269998 1
4.99755750803547 8.437387287310816 1
9.245028744560175 3.8030017445449626 -1
2.0051499638031913 0.818477204299084 -1
4.453168222089934 6.414260851107436 1
4.797550140670207 9.881301326792071 -1
6.8255373477543735 9.525443538545694 -1
7.857676110250152 1.4978379608154946 -1
0.3327208573155094 5.744159485572271 -1
1.595756302085023 1.247617423617663 -1
7.538093250217303 7.110886039107812 1
0.3036217318056722 6.4512649591079345 -1
6.095593319685659 7.849116261447426 1
7.411475367140422 1.2097046140469236 -1
1.8216064742504545 6.45398426061703 1
4.373437849026589 9.728535507265995 -1
9.783195099050984 1.884609889419222 -1
0.6430372358577652 5.230271282177759 -1
0.32908669060131013 8.643506245882634 -1
8.919648450421175 3.8625666026240255 -1
8.258994895222715 9.232531503511133 -1
0.8697161372842721 3.74581280681048 -1
3.544491528049533 1.1052819003552283 -1
4.4457288915974384 2.920472146449551 1
4.9146046817403075 6.1923974908472506 1
8.505523826546 5.126987094025633 1
6.955264039647946 7.637275561655798 1
9.717044964430489 7.219253989005411 -1
1.1966840972524107 7.897010144390274 -1
1.3678187134178321 6.095745987326606 1
3.154337953448355 7.260015518807167 1
2.417441816474276 0.49934644818062757 -1
4.362566728695998 8.19739195446519 1
8.27268160789339 8.169378161381044 -1
4.660859823371718 8.373696605284568 1
9.135795967256206 1.4965802208185264 -1
2.457126494984184 1.6001185932968864 -1
6.291515475679052 1.8640883383748508 1
7.564122447555023 5.409034360214084 1
7.09561753064965 3.2032574641886455 1
8.051199637651102 2.70334079435563 1
4.934428730726966 0.040691824088879835 -1
8.00750387302695 8.944276341835769 -1
2.2999933976921016 2.909859784280374 1
9.35145655203239 4.463962524484911 -1
7.191633441684946 8.236587973390888 1
0.1312974865847616 2.0972960174047115 -1
0.944287608574178 8.315789263971189 -1
9.162030972185617 9.860816397709527 -1
3.236330175516592 4.848307962711321 1
1.0526743648913883 2.7967370515032774 -1
2.5292984537959438 5.612788759330876 1
4.7882912656443475 0.6591001321947088 -1
3.195378703959959 2.2116631454618796 1
9.114073652599954 8.336003063545531 -1
4.702309982483389 7.757358220158563 1
3.4153442798355496 0.908271368758844 -1
5.871030927079239 7.377257640516138 1
2.634797175622251 6.002027921380842 1
0.48860623652768664 5.963736330345006 -1
3.3755044955062283 4.09525335051189 1
7.311720741915869 3.7585962876320878 1
7.958632539984331 4.319502765959246 1
6.310968516487869 0.03158090757464094 -1
5.35365435598035 6.417078748196536 1
8.307163838351396 0.6079401172983256 -1
3.150751971551926 6.16380812964307 1
4.989775575119274 4.9822367416430735 1
2.2844391509219495 1.9377131939002779 -1
2.4207227898017925 5.940475871714435 1
5.156076067759945 9.371077337070982 -1
2.1778763594202424 2.3461043388041625 1
7.926583186573955 4.229723996220213 1
2.8051539572992548 1.9006473781524946 1
0.7625707887570032 7.30181376844476 -1
0.5024186880567472 4.7015710499341665 -1
5.497142749787205 4.977168833879438 1
1.6980744382894064 3.9128236675644414 1
2.178961551196006 9.759320534133881 -1
4.7368523045779565 3.8624724466792837 1
4.925056103857157 7.619245814002342 1
7.541022990301264 8.87864633055772 -1
4.295356822233098 8.272803142671243 1
2.1290188439516666 5.6017034372695225 1
1.1963740389217992 6.642890869647477 -1
8.918013762008947 2.206490032420332 -1
5.793286981010144 0.4280759837803494 -1
1.4487064809794858 8.263113552615764 -1
2.4708572375371842 3.1707892531884774 1
9.369797526747005 0.5987758112104791 -1
6.442035015809172 9.670218022000364 -1
1.5185630887160162 8.453152634181766 -1
0.646727599988508 6.135866221430286 -1
0.40209300624575506 1.3117998708130507 -1
1.5907400132234328 5.848179230961469 1
3.1107433595759435 5.7199885647062745 1
5.8623245291597845 2.6226324008250246 1
2.43474462546268 2.6318206577913985 1
5.530081251819502 9.084647340880572 -1
7.182295129698416 3.494562273727133 1
6.29441731156701 2.3187832889804527 1
7.17716214040919 1.4441385667584605 -1
6.480605255466316 9.32347023134197 -1
8.909660342417068 9.752042674049356 -1
2.01929726597991 7.5569219748521785 1
4.067821128050718 5.836438601366599 1
3.17293308667429 7.521605120807013 1
4.841383958804696 9.275668378904177 -1
1.9135933650893522 9.341169186543661 -1
9.06927993476374 0.28892751787564896 -1
5.107830204831157 7.8097832756048735 1
5.964908533052374 5.051259844699981 1
5.093056908645577 8.6045609524122 1
1.9345604815994155 7.265798106704952 1
6.811246779423387 0.7941785298274529 -1
5.1300445489416635 9.063177493409963 -1
6.872972474016853 6.456303203397954 1
0.5843740245879359 8.269015089040195 -1
0.6709781613439125 9.233840734800895 -1
0.9906752905682237 2.554706854966493 -1
1.557979008813819 5.056431972898334 1
3.9011598521766997 9.541084798156815 -1
3.3304003821747328 0.7019875395084751 -1
0.9162344168199665 0.8676726960603143 -1
0.20141932908034677 0.24969907463276764 -1
9.383349407805795 9.348655052741462 -1
3.9327971177998586 3.9378253588018763 1
6.130115500112013 0.8380002476770854 -1
4.531689399985127 9.451013315802454 -1
1.0039711219326408 3.5361613775447474 -1
7.056985853030105 5.943241175841725 1
4.721421789343737 2.4957494349561626 1
9.621025966983677 4.071878621155981 -1
1.4505593047393284 7.5081017005848505 -1
7.226894349814081 7.884607447110192 1
4.8630402156127985 9.350481872763458 -1
3.94242614084513 9.748117757391185 -1
9.99474663471432 8.848946736642473 -1
5.079527976382032 4.797239958336873 1
1.6354808852241576 2.5194169084729365 -1
6.659900816211644 9.692122211771805 -1
1.3901043429645688 7.154887483982235 -1
3.493128003343516 1.6973478169296763 1
8.396776224090639 0.43328675509011316 -1
5.612306527533594 6.587857642566133 1
3.5393275323257836 9.854680161678855 -1
7.4971147117303705 3.9788663400498168 1
2.8822346939496093 2.425960635086142 1
7.5504313871005095 5.59671431247656 1
6.025612424368357 9.916942336459933 -1
0.07196792511894423 2.657444988749016 -1
8.945689335966398 3.1401461994620194 -1
0.12451461624232052 4.326010254625866 -1
0.69130901055374 3.803877632855012 -1
3.0192093282745036 9.942169448818689 -1
6.752731072857162 4.247117288666137 1
6.434845087676616 3.9071650568354976 1
5.00290907902076 0.11505783074164277 -1
1.8029102016053744 1.378178822153947 -1
1.4242856638270474 9.164053205462665 -1
7.976270756191523 4.783232262962467 1
6.300729283967175 7.049327587663945 1
4.392261691716279 8.042458244904985 1
6.939396233525184 5.174481093550729 1
8.758210567015775 6.676272262850601 -1
4.2808602379432905 2.699635394094307 1
8.24553989941334 7.457957311857804 -1
4.854926589981449 3.5495836798847846 1
0.6935291461542248 9.841171067179461 -1
8.969020664965456 6.3680030781700925 -1
0.22919954647241725 8.599002248720439 -1
5.236408428648653 3.3563791243553 1
6.452985406504901 3.934381089159128 1
2.262289520495634 9.81787197934991 -1
7.330311765943204 2.5236864327610773 1
0.2932613178820953 5.097223112698659 -1
2.190567938301541 1.2022870269373098 -1
2.5430273741227793 1.171317541614395 -1
0.6487716069003313 9.05567846124053 -1
7.607411940362926 4.737487607005695 1
2.866267289973008 4.248899119296951 1
2.4170877356681633 9.175776697348113 -1
3.2396205760081545 3.5984119251614044 1
7.800835915983485 0.6802631344481047 -1
1.2676294107599295 3.162204933902786 -1
3.071589263962812 7.194540805195738 1
1.9604589967921948 0.04665085963584281 -1
6.195096291549501 3.345250244200695 1
1.3976048173080302 9.55004387398906 -1
1.5699154948617955 4.560387129946692 1
8.108476596655688 8.472300473357585 -1
1.5432342536507304 5.181467159755445 1
8.007302351538284 7.367135968153795 1
5.406409177268646 6.866841327051638 1
5.859210688807524 6.909874040239402 1
2.7033822484514323 0.461861273438946 -1
5.791377848821644 4.438130644064875 1
4.740675273804676 2.3939099419982233 1
5.820113511797552 9.010250932345778 -1
8.260258909289933 9.699204741303172 -1
4.929062931134696 5.881355163685886 1
7.5696605019230905 1.7281856842410714 -1
1.788504346731461 1.707848022369457 -1
0.2630924274693469 2.8050165157019356 -1
1.5514048554601945 4.821213219223446 1
7.187586062160815 0.6257948769062871 -1
1.9622000429349207 8.591792069871046 -1
1.5916913782629416 5.233982055042881 1
6.004592662266122 9.367258902913063 -1
2.446659748145085 8.123922957805995 -1
2.5644155689077683 8.25540274174898 -1
3.1282548390658107 0.7040768596557367 -1
3.7727423842416554 0.7610256945797689 -1
0.4106061750115886 3.2634805291645694 -1
1.1792460950495676 6.4255045811799505 -1
9.065475768477082 0.9074417118921696 -1
6.84965466152396 1.4304466006386585 -1
1.3643892179612316 2.6966335391488183 -1
2.8363257088499005 7.590327458322025 1
6.8723053132303855 6.930843699854393 1
2.273594067891287 8.224670696099965 -1
6.588101866235599 6.786627992801977 1
2.134401423145974 8.725015892505583 -1
6.066967194342431 5.060937616285028 1
5.051024983599199 0.8730143643498234 -1
0.7325434742609238 7.26822668358866 -1
9.701863619042307 7.6314988048328525 -1
9.668738225039059 6.379423241743139 -1
2.901267810128272 9.331784534519675 -1
8.267523262969808 5.9195479209685224 1
8.987126514327823 7.926211175978127 -1
6.8093474369988725 3.7716539552856245 1
2.545882224666051 4.64260919758153 1
0.11281437667487237 8.139989027458105 -1
9.591208296350365 8.743688892051035 -1
6.9511756113418794 4.992480165352201 1
9.981600345174332 9.572390420956562 -1
2.3681650084381523 1.2887792978688062 -1
7.721697010199302 3.6454405207157228 1
5.341883241314127 9.537880397056965 -1
9.956952042771242 0.905329109171723 -1
0.31048172931000373 4.875677372337831 -1
9.197633073341159 5.193804746731178 -1
6.397912870408021 1.4072511153687561 1
5.292076225335839 1.8404655812178206 1
8.272401352843605 7.260481198728913 1
9.793903680358367 5.1309429652107506 -1
3.750593181908446 2.4317280523877405 1
5.243983491860428 6.2812269479650755 1
8.16085416710944 6.837129572681069 1
0.4182801854376539 6.943998553301457 -1
4.312719067109874 4.913090454445906 1
6.632436823018162 8.723108747419145 -1
9.254839026612723 5.847947511867849 -1
8.073773377725983 3.591140507092707 1
2.767553583208291 6.3513495237092465 1
4.6783468373079815 7.7348949669171905 1
1.3505201550803048 5.155726492437244 1
2.467373861973232 6.3060901754149965 1
8.879146157769494 7.380609521872033 -1
2.4602221257928325 0.9358925864437018 -1
8.944002143093341 9.530986128184754 -1
9.129610559513605 7.849003845083704 -1
0.6040900562351481 2.1974523102882815 -1
8.70201509266442 4.033018528955057 1
1.0022054967879868 9.595837657117677 -1
5.0934496878293345 4.102136397902666 1
1.4113691584158272 2.697548084712682 -1
2.9919704676110803 7.292694814521594 1
7.978627166964777 0.7555537680909341 -1
2.2269303863319214 6.785338475635446 1
8.690662154859599 4.003795951468393 1
3.81943606861445 6.571035367681402 1
3.7495281413657566 5.4229599525683785 1
4.213987283947471 4.331236365010602 1
3.342495199001031 8.050788742904782 1
0.7497436791769052 6.093167573882612 -1
9.29008830600566 7.216662155519198 -1
6.5062957401870705 6.652603888508052 1
1.3017765360524702 3.8417855486267047 1
1.8769350301265875 9.697771297014096 -1
0.5740665284810442 1.8172724398065265 -1
6.528588455901191 6.124433150811113 1
4.237652386975962 6.55851634690345 1
9.377670651657983 1.1927146079626139 -1
4.128629741720403 7.211343133224605 1
7.658464340845884 1.6029656832659178 -1
9.246936226951787 8.112079560041497 -1
4.130305953431627 9.074476283089814 -1
0.47451774832050764 2.67900200983066 -1
5.165442890645794 0.5905583559283933 -1
3.027951328551718 9.58211949845316 -1
0.37977133758509973 0.11156485056315946 -1
5.322781942786392 3.306191018034558 1
4.891464577011656 5.9026136305026755 1
6.8908830741277605 6.605358949034481 1
8.032058175993667 3.630450255252388 1
2.306988125443259 0.24368232137749746 -1
8.53529995000635 2.187800497123807 -1
0.3131480847048762 0.8355126552474113 -1
1.402540274741585 5.469949107653881 1
6.569250067097178 0.6018101439515855 -1
5.745702435308329 0.3106925318744702 -1
8.264292390435632 5.2758482588239 1
9.421794721333415 1.978631027516623 -1
3.492777994722478 0.05329625797029558 -1
0.14230678864952662 5.2082574555712675 -1
6.695799941065854 0.06930374976921061 -1
2.1114471537956128 5.055638602560753 1
6.07432119710798 5.91056229010703 1
7.713311583440772 9.674755852416142 -1
5.029810435095886 7.718791555354839 1
6.5788885984999235 1.0100781966758066 -1
6.3652396864519645 1.436133379767368 1
2.4801069805635825 4.5502865644772585 1
3.6847255423747627 0.5710117926955915 -1
6.774632160068971 3.686053822132116 1
9.810834381217392 0.09935843220067242 -1
4.9841229316845865 0.27308436760932087 -1
2.6703616776464556 7.782999387008692 1
2.774567594426639 9.791689995011204 -1
8.230393729027744 0.22642432061617201 -1
7.308497924386663 7.781027641055945 1
7.567204377523817 2.4455955010251285 1
4.317748496264771 9.52649401513496 -1
1.0203593321193416 5.40450346407352 -1
6.806168887388369 7.987095705558306 1
6.381124655737795 1.0807866159904 -1
4.095257512661875 5.349999393106736 1
6.913595606247032 1.6144857566531778 1
2.703675869205149 6.124363529464155 1
5.862461233190438 5.976302935703445 1
5.014059604844341 4.067399120891463 1
0.0891410608738985 9.55304199494258 -1
0.37376018932231303 3.0299885622217557 -1
5.595347554944819 3.483140831908308 1
8.93140510705818 1.2045268207562665 -1
5.476190413097881 7.009534594661546 1
0.6390489974674463 2.698400901792377 -1
7.043962350501454 5.404258896518646 1
0.3289419771606006 4.844540007016308 -1
6.1197923560775545 4.564233266813124 1
9.066315822264874 6.45754956453656 -1
1.5946718019360795 8.539766531338952 -1
8.634833570803853 1.6147904563872706 -1
5.187974484173549 8.973470990654787 1
9.918340408357057 8.721684847695494 -1
1.6701836612983623 6.448426665623187 1
5.115327690306498 0.7879355326237414 -1
4.148702153082868 4.7281053748891075 1
9.846901499334834 5.354892626040283 -1
6.567642903699829 0.8254664492358466 -1
4.984728553127673 6.5591437445908705 1
8.51490571895354 9.234329423637574 -1
6.0937608115208155 7.06264458245394 1
1.3187304136282185 5.130451307979249 1
2.8079072727188867 4.04073867592181 1
0.16331466859294652 1.6084396840674375 -1
8.610343470672738 2.1206157961657457 -1
5.429006327900458 9.078185355158835 -1
8.440481977144566 5.980101630931275 1
7.913530338058794 5.56275398514428 1
6.800660656810381 7.046811647708528 1
2.1878075984066294 9.712820793927541 -1
2.5832807337324493 7.700063363888928 1
0.41461177238735214 7.164796148966647 -1
7.761495659768056 6.916445964525964 1
1.665081644523182 0.7244525568984439 -1
2.094643582613356 2.3948546670262094 1
4.672916519239395 5.181600067785917 1
3.6360155596205033 1.689683633133413 1
9.534489220072887 3.6295000474761343 -1
9.947352603816631 6.487969709065355 -1
0.12560800944382167 5.029805784511797 -1
2.1585709239855366 9.659126884616644 -1
3.4587275851473587 8.451456950143513 1
6.854667901274806 5.646932150349995 1
4.145612411814526 5.996997926945797 1
5.478965000986521 2.34827354066565 1
4.529886982330518 9.762677754623802 -1
9.650436354231584 8.406178575167491 -1
2.2106233286951715 3.306771010090933 1
2.1468828021558783 8.14138295259225 -1
4.581986808768557 6.7942030543339635 1
8.0484397423665 2.066231956700565 -1
5.45680582096475 0.2902840590442346 -1
2.7132432177298527 5.689681163787451 1
9.328253037089024 7.732563874744695 -1
8.996132231536203 9.683174449462351 -1
4.598545580977742 5.502232709597614 1
4.913238958271878 4.156514715273954 1
3.7827554770408467 1.1642282793497694 -1
7.761316709448524 9.378819142166208 -1
8.01028007278778 8.019955675018315 -1
2.5725948256870455 9.64658892368028 -1
4.200089743878076 5.5848679282830815 1
5.196896173790405 8.008437756938648 1
7.3247127519373825 4.5980173990904945 1
4.5535662401748125 7.851763962809752 1
9.213222090206092 6.730659635573222 -1
8.929078493595549 5.27627516590872 1
0.5821862774570308 8.279012164803225 -1
1.8730506180928574 0.22149039003388715 -1
1.3362802790831396 6.507374644237894 1
6.9006555641136185 3.1532870418586567 1
2.6296329054818712 6.371192039355314 1
6.359935872649073 9.096878057484393 -1
7.333059751281129 4.847280563976311 1
0.4257661878158192 3.3248335020499686 -1
9.300856499905152 6.843851966539605 -1
2.728199635231552 9.76368617594951 -1
1.3568250847905738 5.4281539640584935 1
5.278741695865169 5.5252932411651114 1
3.368699899362504 1.7831787177746916 1
0.8315927278764312 5.055462538260823 -1
0.14384910932018324 7.22617246917162 -1
9.23923988250825 0.8662859929654443 -1
2.4501046433832876 0.27185438442323573 -1
3.2287979449290747 5.635631365674678 1
9.401318268592235 8.216326360216723 -1
7.992561261390857 3.6512283236621124 1
2.215594987229499 5.108352958918826 1
4.338393210395114 1.5611902525947718 1
7.169502366603469 2.181469540803694 1
4.338670911552102 2.6734364578020777 1
9.715464349517521 4.684870849450705 -1
0.7784708070092139 4.662188465410516 -1
2.886515611221878 8.837881157206072 -1
5.462185713737194 6.530299230808105 1
6.348974859771551 0.20992590130741617 -1
9.2875573025122 5.266577236490563 -1
8.606548673199699 1.5466951255317152 -1
5.711995716379277 2.673187976142668 1
6.504917759660533 7.646998348361427 1
9.661903336570726 6.88375461639171 -1
8.139956660407595 0.49099053513299906 -1
4.421443919948041 7.17873653806565 1
5.051550409319342 8.084884363823491 1
7.446476451791514 8.967168867633763 -1
4.160100172562359 0.28285856638098905 -1
5.038067042154467 7.378610578253516 1
8.536613009394754 5.386155071137088 1
8.805764303826852 0.005842391448718232 -1
3.3435357148144607 8.621473736255659 1
5.478095381028906 6.103396399226479 1
2.909762133165418 1.1163085540328577 -1
9.307941325421563 6.283046679142947 -1
6.99536685968837 7.843596195965652 1
7.729438354139839 2.2333736710730845 1
4.478580572056215 4.5510696002229185 1
9.820151490104617 9.98237638455784 -1
6.618483618542813 3.2325465508607065 1
4.216637168085443 7.77955898814938 1
9.175491464293682 7.602202199585767 -1
8.114492833774944 3.83283385491471 1
2.4324527542834073 2.953422051037932 1
8.141461598934445 2.5114234838516936 -1
4.559703325789513 6.3782383829989 1
1.892679389522508 4.769103396424887 1
7.007390425359309 8.03778983642918 1
5.253646961687303 2.1872636895155804 1
1.3038917577092923 2.877287118709112 -1
9.479226954093688 3.841056492164381 -1
6.813385016538862 1.0280793066844607 -1
2.422190598977573 8.323645751902832 -1
8.886135155651544 5.767812360582976 1
4.190814281665296 1.443643700485644 1
6.276500673577271 0.15654105596819679 -1
6.385091797109045 9.212651948877612 -1
6.409628931158592 9.142565748640942 -1
9.532590493082417 4.9485815616922055 -1
4.734866030763394 9.835584871144455 -1
5.411721772692989 5.3567600782259515 1
5.786681085421917 2.936231626975191 1
6.058156871560271 2.325545507724649 1
2.4178193100844183 5.800079028468005 1
9.826522532653769 7.579522643724283 -1
4.132700234934987 2.879812696266212 1
7.075484907775587 9.72343777067887 -1
7.988106057775363 6.753876294311143 1
4.332410581430587 8.010826023052783 1
8.240609547016174 5.454538158467784 1
4.728657642334967 7.169534843945206 1
0.19650530112113485 8.406083909959268 -1
8.119276475275317 9.82691837698613 -1
8.442114485889032 9.010140362286139 -1
8.157540197756814 7.122379472804275 1
6.969796953663846 4.165148823716494 1
0.11954069342523632 8.443801243121976 -1
0.14169354883870722 2.986989635077993 -1
2.4725027800287656 7.6744721921137575 1
8.327609708531071 7.509381997455956 -1
4.878363633195727 9.940689126951435 -1
9.9349913057154 8.641781813389343 -1
7.834333488694809 6.244747932116368 1
4.753533842803228 5.5842718518888645 1
4.658663403008737 2.1917707901570935 1
7.917883550170276 3.369210539809402 1
2.1442696757796953 8.184377298150984 -1
7.3232352468408815 7.535924709637623 1
1.1786674888823478 7.599080523948806 -1
2.8357207001839093 7.967514668882986 1
6.324001853363485 0.3938629170238639 -1
3.8931276723221444 1.8359387050050835 1
5.888688770542724 2.881796032472171 1
7.229798685590008 3.9882685438608845 1
7.219489625919935 4.079843899902063 1
1.440164720050685 6.035307639720332 1
0.6707241947457909 9.575481032404786 -1
2.8527641329514566 8.7660323605487 -1
0.18085481396717618 5.003647046062517 -1
2.2598198536519645 2.2592345804444736 1
4.5442781313446705 3.567216940602358 1
0.20512593160865178 7.593933776346513 -1
9.989394492038159 6.345902894260519 -1
3.969354589026879 6.512126024243372 1
2.8124353829931947 1.3346538955120502 -1
7.485911359351501 6.394229179922666 1
6.069772208631856 2.1062221252121116 1
7.442497094348046 5.439847487896809 1
1.0201154255555978 9.801438414548215 -1
0.3640880665664692 1.434268479372972 -1
5.282973428525191 8.331271906424117 1
1.9442714820760698 5.0542305831202805 1
7.092099699456785 5.219612132333447 1
3.098206316139427 9.13419568776323 -1
9.723247483781906 6.61412935759232 -1
6.3259178102130456 5.166013105690867 1
3.1470473066087914 4.786500897439798 1
2.8396940805046054 7.422579462482055 1
2.8808407992174656 7.277780190097011 1
6.605123846315691 2.097260100362597 1
6.271701053996735 9.676057098207734 -1
4.306571581338189 8.852506898668636 1
8.952408198907714 1.1901548038338083 -1
5.777985300348563 6.451931151445475 1
4.776563651300294 0.320095615075936 -1
2.494378607325535 7.688991579611134 1
6.527351891208749 5.028046051672385 1
8.862100155228852 9.13372295478441 -1
1.5332996591874537 6.264633147567977 1
4.8017613628785725 9.618032901052283 -1
9.69634321238213 2.451360353621339 -1
4.2701689162529854 4.582592154030297 1
6.85796818499162 8.464882562705053 1
6.7052144249376955 6.900992150728048 1
2.746193286591728 6.217306460383078 1
3.1473209177274466 9.679167910966079 -1
4.47773992009343 6.13391978966526 1
1.7307750926638577 2.8822928349786627 1
1.682678332432832 3.9925005084993135 1
7.271088052329899 2.885232540801809 1
4.015008521428297 2.5401085735377205 1
3.500392675183498 1.7167926369382747 1
8.416043753234565 4.581172827526884 1
2.5849453250590293 1.411862883314079 -1
4.1131798225473934 0.40216910998593924 -1
3.017854022384295 8.313705740389029 1
3.8576181209997564 0.32879888767341714 -1
5.208221894194035 6.044980874517129 1
5.035853805062248 3.579830957463127 1
0.7041350889776721 9.821082168924045 -1
4.634090270714929 5.643617884171172 1
6.326312056589933 8.696266072180126 1
5.657805355743121 1.289214277919103 1
9.275117904365569 0.8203433091919099 -1
9.497410415153961 8.438734386125683 -1
3.0997664139961376 4.176954029084126 1
4.370928346662941 1.6481315696916332 1
9.586001579592683 6.098969108458515 -1
4.618255319846591 8.85781404076839 1
9.480070401760115 7.498356428042233 -1
7.017159823045693 6.340370010752849 1
0.5015640521717812 9.22159274465854 -1
5.378231727006737 1.781970868542908 1
5.01491450300383 7.637898151004213 1
5.590551196984663 6.292596976968605 1
1.1103179160060628 4.229318613451973 1
1.6138249130748494 5.137300047123254 1
8.09437713837226 8.102960000099957 -1
7.855946542530734 2.0434411908644536 -1
2.2834407253648967 7.382327676595077 1
9.205017726720069 2.237025161195576 -1
8.02233165959879 4.205763461473998 1
2.7210902423383763 4.701736152065879 1
4.195735359028433 0.010388344582640263 -1
7.342461168827093 6.373499961515075 1
6.725375040655848 2.0676689310603957 1
1.3905603832552893 7.493350011018975 -1
9.32578756005081 1.3398116455978426 -1
4.284541560030051 9.013976419810303 -1
5.701827389791605 9.480178315358492 -1
1.7081362335807482 4.009239219028463 1
6.925291593839481 4.295475920994466 1
6.0201494043454575 1.9301198505217942 1
2.544680848023859 1.2798385964883574 -1
8.455923506407467 6.0131319860730486 1
7.948699879253188 2.9050358647162486 1
2.0980909575281936 4.746315756052214 1
8.42343933169963 7.705625494630551 -1
1.6304906564425714 9.753820259136365 -1
8.70704755264803 1.0643972306021288 -1
9.258206495402847 9.158372440069996 -1
8.580960600335933 5.3617265647089685 1
9.795448832640751 4.970351355505592 -1
2.055107366183686 1.3545530636687853 -1
2.313836927087812 9.160637048615811 -1
8.132497312941874 9.868304755289435 -1
6.406695369725016 3.895417761077029 1
8.105419932586281 6.513914948675021 1
7.41866505790144 1.1116065512140128 -1
4.0528535258506295 5.208875511701669 1
0.45310138331415506 8.649722278839086 -1
3.065461948220406 7.495798260080555 1
6.010028211359513 3.3419845986493977 1
6.668818782243444 2.767370071809637 1
8.91080830380847 1.7456988128173179 -1
7.28564971097449 5.403859984967967 1
7.757132363349722 4.047808471570765 1
0.21393237548082977 7.248231497303442 -1
5.4675133499957695 5.332125589322868 1
8.048018343868836 5.011316147131982 1
1.608807161820739 0.7452990473356724 -1
9.636104596043484 7.295973897737466 -1
4.12665257259222 4.728387502860895 1
5.446288023068263 5.34018941892583 1
1.9667035094029717 6.000631561175118 1
7.406236947369034 1.2831195023006026 -1
0.7595110513464776 7.692330286443308 -1
3.864783339105362 9.177567626074218 -1
9.497835177949781 7.6849266877203215 -1
1.3854510508994788 4.422332304753494 1
2.436588606174265 7.920273621623362 1
3.811202591291749 0.13974923726830513 -1
3.537016846598932 5.458736652029261 1
8.557764561917962 6.103375393491229 1
5.047300363203746 4.211940965906747 1
6.929378210653053 2.7483805940919845 1
5.05277258653083 8.043799758336322 1
7.593702621744697 3.164498258594237 1
5.941155453758013 1.7018684322356192 1
6.6346153601851885 0.7267141620969819 -1
6.769921129888093 0.6179369342339924 -1
4.582668669376036 1.5043079549799099 1
4.562798828939643 4.561761752649446 1
7.095453687145003 3.3987938536549134 1
6.739699347248013 0.7387798548444047 -1
0.29678250599464495 5.972366123948714 -1
0.9455476581325661 2.314311271160938 -1
7.262813913946406 8.333261277186955 -1
7.4743225827118405 8.162734306357802 -1
3.4924227863843282 2.8533817582920196 1
1.1860879339587904 1.7827178238554342 -1
4.5289161719559985 8.483560685770971 1
5.89377298745693 6.919021743586357 1
3.227208057010537 9.644884276015498 -1
8.843191424187323 3.867877067767668 -1
0.20180136526947168 6.667031508944884 -1
0.5892267220189673 9.162885748282148 -1
0.29627446166516913 9.867972977854985 -1
6.419341123325671 3.971020766288759 1
2.524000589954807 9.98586031076997 -1
9.001567777855719 3.0366362920993084 -1
2.683572016079311 6.385272449442621 1
1.2036266849496746 4.022215181390983 1
4.067519104989099 9.395514466729816 -1
8.5701887206512 3.2705897138928397 1
9.218517695016127 0.19908688797236396 -1
0.4905655622100169 7.5064557140117 -1
1.7045735460828737 5.296015740155708 1
0.821626628409321 2.398639414927124 -1
9.198419552210876 3.1095829847550105 -1
3.320047268352875 2.4230871446436844 1
6.036587071145121 4.446051835781192 1
8.781404828024963 6.552467340116904 -1
4.149042112638497 3.635260086810951 1
7.6801853325257055 0.9124253792891868 -1
5.542163223289362 9.646076948072364 -1
8.133456962503324 8.148838394085335 -1
0.172999342838005 3.137214277213877 -1
5.598369852923329 0.7657864530497782 -1
3.0927832726006166 3.8613419835065157 1
9.751127244003397 6.603932803469865 -1
4.5742539821453585 8.149896165300364 1
